# As_1e9 ns H0 omegab omegam LSST_DZ_S1 LSST_DZ_S2 LSST_DZ_S3 LSST_DZ_S4 LSST_DZ_S5 LSST_DZ_S6 LSST_DZ_S7 LSST_DZ_S8 LSST_DZ_S9 LSST_DZ_S10 LSST_A1_1 LSST_A1_2 LSST_M1 LSST_M2 LSST_M3 LSST_M4 LSST_M5 LSST_M6 LSST_M7 LSST_M8 LSST_M9 LSST_M10
1.851095074254502718e-02 1.422988113580574230e-03 -1.395071002474624067e-01 -5.503044913183725102e-07 -6.278013713661267491e-04 2.022708754853213913e-05 2.436399311375985876e-05 1.306082153203566446e-05 1.497463509957742840e-05 1.772255960427202034e-05 2.932850498213986900e-05 4.169173842775541605e-05 3.500815955865140108e-05 1.732404398807217607e-05 -3.427055698601066052e-05 -1.129283766551863891e-03 -9.686867090719059048e-03 1.268374678370507889e-05 3.487778806284697888e-05 6.053123741194856700e-05 5.239174757800937811e-05 3.140537977020962555e-05 -5.583802879227870259e-06 -4.172504366712910095e-05 -7.432384913576964617e-05 -1.101965851402181935e-04 -1.921746065447553736e-04
1.422988113580574230e-03 2.702349739646607682e-04 -1.632609396041973318e-02 2.466584033227899359e-05 -4.185519050915891917e-06 -1.596087031523289673e-06 -1.151521864978461136e-06 -1.001390940299338708e-06 -1.500527825341977166e-07 3.242517767238338369e-08 -1.828206892609662220e-07 1.674575746367463993e-06 -8.506143076523242905e-07 -9.061224092612463159e-07 2.361391963692597372e-06 2.984908719481727598e-05 -8.776444489730800833e-05 -9.603649976561158763e-07 -4.016061365494057065e-07 -2.065330940408030965e-07 -4.711873436236128495e-08 9.458057891621032278e-08 1.777849601037337831e-06 5.997107880481516139e-07 2.728684273302805215e-06 3.095189503510404439e-06 2.957284668069478209e-06
-1.395071002474624067e-01 -1.632609396041973318e-02 5.124138731139127323e+00 3.885584849231955677e-03 -6.138313747247882771e-03 2.742296764132338212e-04 2.600139479137443164e-04 4.140494144948285351e-04 1.055110621232439270e-04 1.073183466158104943e-04 1.269294272520604899e-04 -8.206910045733116390e-05 8.718583770498770653e-05 5.299466649126201594e-05 -1.331390293859132181e-04 1.064328604449418054e-03 -2.703355955029225141e-02 2.584500159536732449e-04 8.066592909862399215e-04 6.399755052614618852e-04 1.057959121051730948e-03 8.607586130983797780e-04 4.161951967003755604e-04 2.633912553638048356e-04 -2.055486547435259482e-04 -5.815996600562876482e-04 -1.155190270873535791e-03
-5.503044913183725102e-07 2.466584033227899359e-05 3.885584849231955677e-03 1.995297287818615528e-05 1.265509119352981053e-05 -5.383529243315237379e-07 -8.415722173175625316e-07 -4.738749057942321949e-07 -7.419722577383344805e-07 -7.618803608096404388e-07 -6.161106177194875639e-07 -4.384592953812576892e-07 -6.220780263601288245e-07 -7.363292767593001836e-07 3.979769985443457071e-07 1.008389663065755631e-06 2.498857956648318964e-05 -1.926065652812118241e-07 -6.225568769530648832e-07 -2.304766706622304174e-06 -1.680476962858894282e-06 -1.457703450202602503e-06 -1.270799511352353845e-06 -9.767314742815759186e-07 -1.732716068999851770e-07 6.179558020885632515e-07 1.505113989541048039e-06
-6.278013713661267491e-04 -4.185519050915891917e-06 -6.138313747247882771e-03 1.265509119352981053e-05 8.565016895839620533e-05 -3.023216814967041765e-06 -4.057659130316649609e-06 -3.624997359139405394e-06 -3.073656387510080467e-06 -3.277739758184966151e-06 -3.648178610420860795e-06 -3.516713610943060399e-06 -3.748809516522520868e-06 -2.629746985857945771e-06 2.603668100119766710e-06 5.907380619750977370e-05 7.560937846659157927e-04 -2.159931228292922257e-06 -6.796440235829183636e-06 -1.096866527183932032e-05 -1.173246575634052904e-05 -9.740976996688823690e-06 -6.041414445420228367e-06 -2.756252290244079449e-06 1.987752964149539749e-06 6.797524683855756961e-06 1.552522777286166923e-05
2.022708754853213913e-05 -1.596087031523289673e-06 2.742296764132338212e-04 -5.383529243315237379e-07 -3.023216814967041765e-06 1.310146963406217604e-05 4.730311567491147373e-06 2.528277871613755294e-06 1.356075865361453138e-06 2.076340469064828279e-07 -3.334967038280666286e-07 -8.618988907463491638e-07 -7.519869831547483272e-07 -3.271276645916118973e-07 9.066365012860220462e-07 1.752598307168359338e-05 -6.345881661732305067e-04 -6.464652285760572633e-06 8.631889446237126807e-07 1.218573424380838949e-06 1.309954301252184669e-06 1.499254029768221387e-06 1.316577252972455536e-06 1.078506406257808109e-06 4.624929582635283520e-07 -2.955730749171815950e-07 -1.433838483987301269e-06
2.436399311375985876e-05 -1.151521864978461136e-06 2.600139479137443164e-04 -8.415722173175625316e-07 -4.057659130316649609e-06 4.730311567491147373e-06 9.577818245486859316e-06 2.658158490602936477e-06 1.962158968038663935e-06 1.167852732098486985e-06 7.457914534729811197e-07 4.359225562562070411e-07 2.465379571200994615e-07 -6.774480997239478708e-08 1.466394964998286560e-07 1.724018090587257882e-05 -2.612882190422575134e-04 1.350403669588091048e-06 -1.177618596496562552e-05 1.025396531854979783e-06 1.509923437704950513e-06 1.920994325939813936e-06 1.941616122917899541e-06 1.700811087233792284e-06 1.481595379541837022e-06 1.143867336296846994e-06 3.060271035488523832e-07
1.306082153203566446e-05 -1.001390940299338708e-06 4.140494144948285351e-04 -4.738749057942321949e-07 -3.624997359139405394e-06 2.528277871613755294e-06 2.658158490602936477e-06 9.799931094737101945e-06 1.993927063884837406e-06 2.019736609085139133e-06 1.622271712778222105e-06 1.326689134391365974e-06 8.564813901187393186e-07 3.237495922894486542e-07 -3.123904193944904988e-07 1.900535763659196701e-05 -1.881738021626385823e-05 8.131340635825218136e-07 9.654065588348822282e-07 -1.266168280303456638e-05 1.760010539997340947e-06 1.479749184145602532e-06 1.755632390574083931e-06 1.892506081978490577e-06 1.956053527166685369e-06 1.906655096510191502e-06 1.503314176986797447e-06
1.497463509957742840e-05 -1.500527825341977166e-07 1.055110621232439270e-04 -7.419722577383344805e-07 -3.073656387510080467e-06 1.356075865361453138e-06 1.962158968038663935e-06 1.993927063884837406e-06 1.105451501501299152e-05 2.409972051052623353e-06 1.931133502891936076e-06 1.807931843111684555e-06 1.344704590315846878e-06 5.879151525832512466e-07 -1.826583268637697209e-07 1.921815862462199399e-05 9.753443793665943500e-05 2.063901156905231267e-07 6.820483579100800102e-07 1.632766636221636072e-06 -1.206316340163866505e-05 1.223304578388893882e-06 1.855827107866284368e-06 1.988467439397656391e-06 2.243276638113693356e-06 2.365755047976512477e-06 2.236809928391578177e-06
1.772255960427202034e-05 3.242517767238338369e-08 1.073183466158104943e-04 -7.618803608096404388e-07 -3.277739758184966151e-06 2.076340469064828279e-07 1.167852732098486985e-06 2.019736609085139133e-06 2.409972051052623353e-06 1.168688665236641898e-05 2.079408014836546261e-06 2.280818265060563191e-06 1.998125225965405698e-06 8.359096595001912784e-07 -3.149301849919771796e-07 1.576021808703443906e-05 1.855249652079958122e-04 3.086732998038921563e-07 9.151332068240075203e-07 7.947725309186715874e-07 1.047170495873895030e-06 -1.064815406713014777e-05 1.695405370237712066e-06 1.569866040665521459e-06 1.840400400604140914e-06 2.289245407200674920e-06 2.286317059647458194e-06
2.932850498213986900e-05 -1.828206892609662220e-07 1.269294272520604899e-04 -6.161106177194875639e-07 -3.648178610420860795e-06 -3.334967038280666286e-07 7.457914534729811197e-07 1.622271712778222105e-06 1.931133502891936076e-06 2.079408014836546261e-06 1.162347521537302416e-05 2.413437293320919308e-06 2.347439266377158459e-06 1.101686545535351267e-06 -2.809838977940305159e-07 9.902202432229388555e-06 2.064044310828876865e-04 -1.540073048687843578e-07 6.175145428892789675e-07 6.218598872367557655e-07 8.594910294543133766e-07 1.104791816113624975e-06 -8.763236574816721998e-06 8.868780331912430686e-07 9.197711424555703147e-07 1.528338801834705525e-06 1.475384712063063840e-06
4.169173842775541605e-05 1.674575746367463993e-06 -8.206910045733116390e-05 -4.384592953812576892e-07 -3.516713610943060399e-06 -8.618988907463491638e-07 4.359225562562070411e-07 1.326689134391365974e-06 1.807931843111684555e-06 2.280818265060563191e-06 2.413437293320919308e-06 1.344116108697300520e-05 2.661440240792550423e-06 1.973832274999139766e-06 3.910407910151547399e-07 4.718454708519221285e-06 2.145925386489632098e-04 -1.427219324487363674e-07 5.310284323916606109e-07 6.448927496385293476e-07 9.540551636022958909e-07 9.488071862683516251e-07 1.185525637501055833e-06 -7.851799969700845369e-06 1.131626073793941264e-06 1.566133961882679036e-06 1.782119837412629894e-06
3.500815955865140108e-05 -8.506143076523242905e-07 8.718583770498770653e-05 -6.220780263601288245e-07 -3.748809516522520868e-06 -7.519869831547483272e-07 2.465379571200994615e-07 8.564813901187393186e-07 1.344704590315846878e-06 1.998125225965405698e-06 2.347439266377158459e-06 2.661440240792550423e-06 1.421693681333078650e-05 2.054635958812596805e-06 1.150012549394888978e-06 -2.426411006383894896e-06 1.309238176372852090e-04 -3.452209731440607426e-08 6.253105097109384422e-07 1.218104492666691187e-06 1.022681347109581459e-06 5.949172874602476751e-07 5.459938874461689924e-07 6.466591981608655301e-07 -6.644616840893886551e-06 1.004112867191056785e-06 9.224916610211948693e-07
1.732404398807217607e-05 -9.061224092612463159e-07 5.299466649126201594e-05 -7.363292767593001836e-07 -2.629746985857945771e-06 -3.271276645916118973e-07 -6.774480997239478708e-08 3.237495922894486542e-07 5.879151525832512466e-07 8.359096595001912784e-07 1.101686545535351267e-06 1.973832274999139766e-06 2.054635958812596805e-06 1.643733339468316337e-05 1.800693952502649523e-06 -1.420941808889214955e-05 -3.432102593855702622e-05 -5.172971661416235744e-08 6.015419305208247155e-07 9.386111045844645323e-07 8.649576804341227944e-07 8.068170816327979533e-07 7.480358458997664483e-07 1.794757604929652491e-07 2.816446750508238205e-07 -5.850457358358304086e-06 -1.361711637536111866e-07
-3.427055698601066730e-05 2.361391963692596525e-06 -1.331390293859132724e-04 3.979769985443460248e-07 2.603668100119767134e-06 9.066365012860214109e-07 1.466394964998287619e-07 -3.123904193944902870e-07 -1.826583268637698003e-07 -3.149301849919775502e-07 -2.809838977940303571e-07 3.910407910151541046e-07 1.150012549394888978e-06 1.800693952502649523e-06 2.273115986169657631e-05 -1.972650711229628821e-05 -2.687741189594404956e-04 -6.628231502037410901e-08 -2.397278876239158412e-07 5.205786081368567542e-07 6.692929377738829631e-07 9.880269723329156207e-07 1.319677151415423984e-06 7.155032395285078665e-07 5.738129141417160867e-07 8.156445110366017448e-07 -4.348047708842834600e-06
-1.129283766551863891e-03 2.984908719481727598e-05 1.064328604449418054e-03 1.008389663065755631e-06 5.907380619750977370e-05 1.752598307168359338e-05 1.724018090587257882e-05 1.900535763659196701e-05 1.921815862462199399e-05 1.576021808703443906e-05 9.902202432229388555e-06 4.718454708519221285e-06 -2.426411006383894896e-06 -1.420941808889214955e-05 -1.972650711229628821e-05 9.328554779616370779e-04 4.404188454034571078e-03 -3.948426993061077161e-06 -1.427242719716927129e-05 -2.513234482397822521e-05 -2.654713311210646966e-05 -2.223984971938930112e-05 -1.245762902436400499e-05 -5.492988940149949264e-06 3.358587539856618951e-06 1.371992567435891527e-05 3.002971966742075949e-05
-9.686867090719059048e-03 -8.776444489730800833e-05 -2.703355955029225141e-02 2.498857956648318964e-05 7.560937846659157927e-04 -6.345881661732305067e-04 -2.612882190422575134e-04 -1.881738021626385823e-05 9.753443793665943500e-05 1.855249652079958122e-04 2.064044310828876865e-04 2.145925386489632098e-04 1.309238176372852090e-04 -3.432102593855702622e-05 -2.687741189594404956e-04 4.404188454034571078e-03 1.176977736207831665e-01 -1.073127424873663406e-04 1.356720060554399745e-05 -1.141454123282383107e-04 -1.661468241312460395e-04 -1.972981517345488830e-04 -1.604856459845281635e-04 -1.130950364419499357e-04 -2.049116463727577269e-06 1.293724206409652773e-04 3.423548125746692355e-04
1.268374678370507550e-05 -9.603649976561165115e-07 2.584500159536731365e-04 -1.926065652812120888e-07 -2.159931228292921834e-06 -6.464652285760572633e-06 1.350403669588091048e-06 8.131340635825221312e-07 2.063901156905230473e-07 3.086732998038921563e-07 -1.540073048687842784e-07 -1.427219324487364997e-07 -3.452209731440607426e-08 -5.172971661416235744e-08 -6.628231502037410901e-08 -3.948426993061077161e-06 -1.073127424873663406e-04 9.305504061371543025e-05 1.223933996679514307e-06 1.614408368017669131e-06 1.909780963356802880e-06 1.357634996988152692e-06 1.191533798437467254e-06 8.917961803055423516e-07 4.775312664763482496e-07 2.366595966604595078e-07 -1.827760382092212148e-07
3.487778806284697888e-05 -4.016061365494057065e-07 8.066592909862399215e-04 -6.225568769530648832e-07 -6.796440235829183636e-06 8.631889446237126807e-07 -1.177618596496562552e-05 9.654065588348822282e-07 6.820483579100800102e-07 9.151332068240075203e-07 6.175145428892789675e-07 5.310284323916606109e-07 6.253105097109384422e-07 6.015419305208247155e-07 -2.397278876239158412e-07 -1.427242719716927129e-05 1.356720060554399745e-05 1.223933996679514307e-06 7.885777979843306817e-05 4.393367385189952964e-06 4.478733218757538838e-06 3.732915767219249815e-06 3.348444637183181487e-06 2.681768496086740365e-06 1.988616554134567723e-06 1.322526555226170418e-06 5.276941120751595325e-07
6.053123741194856700e-05 -2.065330940408030965e-07 6.399755052614618852e-04 -2.304766706622304174e-06 -1.096866527183932032e-05 1.218573424380838949e-06 1.025396531854979783e-06 -1.266168280303456638e-05 1.632766636221636072e-06 7.947725309186715874e-07 6.218598872367557655e-07 6.448927496385293476e-07 1.218104492666691187e-06 9.386111045844645323e-07 5.205786081368567542e-07 -2.513234482397822521e-05 -1.141454123282383107e-04 1.614408368017669131e-06 4.393367385189952964e-06 6.202301370432640958e-05 5.460579235344840694e-06 6.559403105930049773e-06 6.366940830739581804e-06 5.357591414729889714e-06 4.339314713310499845e-06 3.481516118044185325e-06 2.055883406186163685e-06
5.239174757800939844e-05 -4.711873436236191361e-08 1.057959121051731599e-03 -1.680476962858894282e-06 -1.173246575634052734e-05 1.309954301252184669e-06 1.509923437704950513e-06 1.760010539997340524e-06 -1.206316340163867013e-05 1.047170495873894395e-06 8.594910294543133766e-07 9.540551636022958909e-07 1.022681347109581459e-06 8.649576804341227944e-07 6.692929377738829631e-07 -2.654713311210646966e-05 -1.661468241312460395e-04 1.909780963356802880e-06 4.478733218757538838e-06 5.460579235344840694e-06 4.902887669781755156e-05 8.070487516731108960e-06 7.951739596357007965e-06 7.248918694100566961e-06 6.342125908603144401e-06 5.542325419726778254e-06 3.794736563638462550e-06
3.140537977020962555e-05 9.458057891621032278e-08 8.607586130983797780e-04 -1.457703450202602503e-06 -9.740976996688823690e-06 1.499254029768221387e-06 1.920994325939813936e-06 1.479749184145602532e-06 1.223304578388893882e-06 -1.064815406713014777e-05 1.104791816113624975e-06 9.488071862683516251e-07 5.949172874602476751e-07 8.068170816327979533e-07 9.880269723329156207e-07 -2.223984971938930112e-05 -1.972981517345488830e-04 1.357634996988152692e-06 3.732915767219249815e-06 6.559403105930049773e-06 8.070487516731108960e-06 3.917847819473018188e-05 9.016166555947547891e-06 8.875787616668025847e-06 8.470947353193235963e-06 7.597105835089726794e-06 6.059315763599088040e-06
-5.583802879227870259e-06 1.777849601037337831e-06 4.161951967003755604e-04 -1.270799511352353845e-06 -6.041414445420228367e-06 1.316577252972455536e-06 1.941616122917899541e-06 1.755632390574083931e-06 1.855827107866284368e-06 1.695405370237712066e-06 -8.763236574816721998e-06 1.185525637501055833e-06 5.459938874461689924e-07 7.480358458997664483e-07 1.319677151415423984e-06 -1.245762902436400499e-05 -1.604856459845281635e-04 1.191533798437467254e-06 3.348444637183181487e-06 6.366940830739581804e-06 7.951739596357007965e-06 9.016166555947547891e-06 3.226779155184230903e-05 1.059557699594377376e-05 1.096037300073458976e-05 1.033061174225999704e-05 9.346221060061494734e-06
-4.172504366712910095e-05 5.997107880481524609e-07 2.633912553638046729e-04 -9.767314742815761304e-07 -2.756252290244079449e-06 1.078506406257808109e-06 1.700811087233792496e-06 1.892506081978491000e-06 1.988467439397656391e-06 1.569866040665521247e-06 8.868780331912430686e-07 -7.851799969700845369e-06 6.466591981608655301e-07 1.794757604929652491e-07 7.155032395285078665e-07 -5.492988940149949264e-06 -1.130950364419499357e-04 8.917961803055423516e-07 2.681768496086740365e-06 5.357591414729889714e-06 7.248918694100566961e-06 8.875787616668025847e-06 1.059557699594377376e-05 2.705964272556130666e-05 1.153215614432002052e-05 1.158002956491544121e-05 1.101049818074522175e-05
-7.432384913576964617e-05 2.728684273302805215e-06 -2.055486547435259482e-04 -1.732716068999851770e-07 1.987752964149539749e-06 4.624929582635283520e-07 1.481595379541837022e-06 1.956053527166685369e-06 2.243276638113693356e-06 1.840400400604140914e-06 9.197711424555703147e-07 1.131626073793941264e-06 -6.644616840893886551e-06 2.816446750508238205e-07 5.738129141417160867e-07 3.358587539856618951e-06 -2.049116463727577269e-06 4.775312664763482496e-07 1.988616554134567723e-06 4.339314713310499845e-06 6.342125908603144401e-06 8.470947353193235963e-06 1.096037300073458976e-05 1.153215614432002052e-05 2.389786649065683225e-05 1.323925237607098100e-05 1.350368428269375845e-05
-1.101965851402181935e-04 3.095189503510404439e-06 -5.815996600562876482e-04 6.179558020885632515e-07 6.797524683855756961e-06 -2.955730749171815950e-07 1.143867336296846994e-06 1.906655096510191502e-06 2.365755047976512477e-06 2.289245407200674920e-06 1.528338801834705525e-06 1.566133961882679036e-06 1.004112867191056785e-06 -5.850457358358304086e-06 8.156445110366017448e-07 1.371992567435891527e-05 1.293724206409652773e-04 2.366595966604595078e-07 1.322526555226170418e-06 3.481516118044185325e-06 5.542325419726778254e-06 7.597105835089726794e-06 1.033061174225999704e-05 1.158002956491544121e-05 1.323925237607098100e-05 2.221476612125729614e-05 1.588033207895610699e-05
-1.921746065447553736e-04 2.957284668069476939e-06 -1.155190270873535791e-03 1.505113989541048463e-06 1.552522777286166245e-05 -1.433838483987301269e-06 3.060271035488524362e-07 1.503314176986797235e-06 2.236809928391578600e-06 2.286317059647458618e-06 1.475384712063063840e-06 1.782119837412629894e-06 9.224916610211948693e-07 -1.361711637536111866e-07 -4.348047708842834600e-06 3.002971966742075949e-05 3.423548125746692355e-04 -1.827760382092212148e-07 5.276941120751595325e-07 2.055883406186163685e-06 3.794736563638462550e-06 6.059315763599088040e-06 9.346221060061494734e-06 1.101049818074522175e-05 1.350368428269375845e-05 1.588033207895610699e-05 2.327930272057952528e-05
