# As_1e9 ns H0 omegab omegam LSST_DZ_S1 LSST_DZ_S2 LSST_DZ_S3 LSST_DZ_S4 LSST_DZ_S5 LSST_DZ_S6 LSST_DZ_S7 LSST_DZ_S8 LSST_DZ_S9 LSST_DZ_S10 LSST_A1_1 LSST_A1_2 LSST_M1 LSST_M2 LSST_M3 LSST_M4 LSST_M5 LSST_M6 LSST_M7 LSST_M8 LSST_M9 LSST_M10
2.603151895372450217e-02 1.634696974529852584e-03 -1.188982497318759601e-01 -8.092972411627870197e-06 -1.193307492973562150e-03 1.879736591916388939e-05 2.762894823692984051e-05 2.907987161225485524e-05 1.662937558087974061e-05 1.554318707779501425e-05 1.733471412077100136e-05 1.528615588927405988e-05 1.997159719473333414e-05 -5.764401121800668446e-07 -4.496640148351559136e-05 -2.734820036182364182e-03 -1.886913952601805902e-02 1.587128452659480429e-05 3.474809936830636892e-05 6.262316918029057209e-05 7.874895206802755016e-05 6.206095679106811219e-05 3.356627273386676464e-05 -1.772729686022791933e-05 -8.998079800432723927e-05 -1.768792236509811832e-04 -3.630894136198875599e-04
1.634696974529852584e-03 3.090872376031756231e-04 -1.408360392426571094e-02 2.611883169092772564e-05 -2.934683735980677481e-05 1.402811740665669599e-06 5.917233780948963623e-07 1.665967702286990602e-06 9.511076327759699908e-07 -7.860789658664338262e-07 6.927039145497092015e-07 1.370877461166976828e-06 1.114128967805328218e-06 -1.004891494892037184e-08 3.113994874106480193e-07 1.995482634431720092e-05 -3.346192442068024876e-04 -2.098675254201455549e-07 9.738541209100698985e-07 1.283002392027379952e-06 1.300718739017628656e-06 4.074351747689495714e-06 2.885223357430538640e-06 8.150727990060667091e-07 8.275773995522291562e-07 5.096713632014480375e-08 -1.732649777756478751e-06
-1.188982497318759601e-01 -1.408360392426571094e-02 5.437607775933536836e+00 3.685382181838555565e-03 -9.204180363085484595e-03 3.882130272217209624e-04 2.422614053651766912e-04 3.793191333124467800e-04 2.397957360822246633e-04 2.171860582036627186e-04 -6.253020573156375073e-06 3.103535881049374447e-04 6.179123888847104875e-05 5.180297133338712231e-06 -2.234032962696956819e-04 -1.553103245896197190e-03 -5.320141172736870400e-02 5.193590199389516830e-06 6.790900882615415537e-04 6.337043880451242615e-04 9.439998280493113554e-04 7.814230094375260128e-04 8.773097491496652071e-04 1.853640259427872074e-04 1.490756925932221280e-05 -4.803692312730216971e-04 -1.272843214009070512e-03
-8.092972411627870197e-06 2.611883169092772564e-05 3.685382181838555565e-03 2.165234786657564865e-05 1.610852812909471934e-05 6.012034581215635818e-08 -7.777260759045384569e-07 -6.017013103871787423e-07 -4.650020811790316099e-07 -1.189649753283583632e-06 -4.561137265016192004e-07 1.252980034440814268e-07 -5.594070178894994038e-07 -2.640037841759792972e-07 5.512805994647801596e-07 2.053427615895504847e-06 2.425936825606919605e-05 -5.301825530492109698e-07 -4.036814546269248243e-07 -1.489120650134962430e-06 -1.949650642638003471e-06 -1.131718120027838567e-06 -1.592241645470936720e-06 -1.920457824142659804e-06 -5.740779467330943929e-07 2.649324412770958548e-08 1.437313380171465756e-06
-1.193307492973562150e-03 -2.934683735980677481e-05 -9.204180363085484595e-03 1.610852812909471934e-05 1.402052180085634487e-04 -2.971588315872744339e-06 -4.239843241670142071e-06 -4.945587062489471964e-06 -3.395265559955678924e-06 -4.211478256486677328e-06 -2.381839957403026113e-06 -2.822279234168659418e-06 -3.060698938754292941e-06 -1.079286510477869907e-06 4.188464023601557129e-06 1.730554430663524081e-04 1.485386460226448962e-03 -1.713727972338279372e-06 -6.144017868982047435e-06 -9.678902655881182546e-06 -1.328092918095543088e-05 -1.122531355509815932e-05 -1.100528741738045067e-05 -5.688792552937155288e-06 1.126772656440150371e-06 9.207415969883709413e-06 2.568479186535569682e-05
1.879736591916388939e-05 1.402811740665669599e-06 3.882130272217209624e-04 6.012034581215635818e-08 -2.971588315872744339e-06 1.687318815212585711e-05 4.390322867419316215e-06 2.337296416617859892e-06 1.089886146605120837e-06 -1.362010661448939003e-08 -3.613235333676646697e-07 -5.383911039057000603e-07 -7.608007614404150896e-07 -7.746838539686915746e-08 5.640587497960488675e-07 7.906927636220740529e-06 -1.011114212436186720e-03 -4.148186123179334770e-06 1.663110258953601078e-06 1.352811252349562176e-06 1.347537360537771915e-06 1.277425500575063803e-06 9.972461330861825462e-07 5.511737447644124607e-07 3.796198512300973962e-07 -2.985339106441152026e-07 -1.410479124072215660e-06
2.762894823692984051e-05 5.917233780948963623e-07 2.422614053651766912e-04 -7.777260759045384569e-07 -4.239843241670142071e-06 4.390322867419316215e-06 1.233540828237429355e-05 2.259791604750384777e-06 1.665377429046025592e-06 1.049749637274369476e-06 6.067204811045905898e-07 4.726775040598416798e-07 9.266772169125559448e-08 3.028945081025351138e-07 -1.158712535754846105e-07 1.822754135573248927e-05 -3.647756228012480361e-04 1.716219459464536527e-06 -9.905462169638057802e-06 1.273401595714689895e-06 1.465479189460537730e-06 1.390628511420183880e-06 1.580632802960352760e-06 1.244310454197726615e-06 1.187373886640631544e-06 7.516598052070826442e-07 1.306525717600307564e-07
2.907987161225485524e-05 1.665967702286990602e-06 3.793191333124467800e-04 -6.017013103871787423e-07 -4.945587062489471964e-06 2.337296416617859892e-06 2.259791604750384777e-06 1.231492332551399171e-05 1.649607296918408441e-06 1.632849768282849043e-06 1.109162785233578340e-06 7.994433550391198573e-07 6.838732464096340976e-07 4.496759236310426373e-07 -3.267128924088053120e-07 2.195242470754797529e-05 -7.524180586009647433e-05 1.032073205144321638e-06 1.270541295802948409e-06 -1.243465357782941824e-05 1.626343922415211186e-06 1.481367320791328622e-06 1.880869783077516472e-06 1.875560367388869652e-06 1.706880121894928118e-06 1.554977292810797661e-06 1.199341584906464134e-06
1.662937558087974061e-05 9.511076327759699908e-07 2.397957360822246633e-04 -4.650020811790316099e-07 -3.395265559955678924e-06 1.089886146605120837e-06 1.665377429046025592e-06 1.649607296918408441e-06 1.323653689884606398e-05 1.797963410672395105e-06 1.678522003486678858e-06 1.311496101801946656e-06 8.248443102042402209e-07 6.108246874521870779e-07 4.906854867598092586e-08 2.515267351894481151e-05 1.528786895865075072e-04 5.054609867188941250e-07 8.006803915308333602e-07 1.773929781211346794e-06 -1.296341358189382080e-05 1.547818291928381138e-06 1.735362562801039772e-06 2.021117736511077633e-06 2.137429882208109475e-06 2.014324949401286206e-06 2.003385383620197711e-06
1.554318707779501425e-05 -7.860789658664338262e-07 2.171860582036627186e-04 -1.189649753283583632e-06 -4.211478256486677328e-06 -1.362010661448939003e-08 1.049749637274369476e-06 1.632849768282849043e-06 1.797963410672395105e-06 1.447345621312791879e-05 1.780119650685273407e-06 1.420572338256425916e-06 1.397786200589841032e-06 9.419158794586574748e-07 -3.502748524394241732e-07 2.127880882746572267e-05 2.433327680940201572e-04 2.379287929295088356e-07 1.120233855858332341e-06 1.262288909768685227e-06 1.910105014560914020e-06 -1.268252914647989136e-05 1.873489285101360545e-06 2.176522427647589696e-06 2.228328646913094590e-06 2.261563448137935977e-06 2.409684009472205939e-06
1.733471412077100136e-05 6.927039145497092015e-07 -6.253020573156375073e-06 -4.561137265016192004e-07 -2.381839957403026113e-06 -3.613235333676646697e-07 6.067204811045905898e-07 1.109162785233578340e-06 1.678522003486678858e-06 1.780119650685273407e-06 1.549721434293492212e-05 1.524831165250797847e-06 1.729921545125006672e-06 9.375249204879038950e-07 2.279602983093603413e-07 1.814357567370699593e-05 2.842650113960817947e-04 -1.428895161233922084e-07 5.903803391708409690e-07 1.303620808723316363e-06 1.171342176294557201e-06 1.587827967800027047e-06 -1.192024962210505626e-05 1.927717844774017563e-06 1.690303750574560857e-06 2.190137450417528067e-06 2.420054138673544291e-06
1.528615588927405988e-05 1.370877461166976828e-06 3.103535881049374447e-04 1.252980034440814268e-07 -2.822279234168659418e-06 -5.383911039057000603e-07 4.726775040598416798e-07 7.994433550391198573e-07 1.311496101801946656e-06 1.420572338256425916e-06 1.524831165250797847e-06 1.708951095117749156e-05 1.119184944179351002e-06 1.222509735270595473e-06 4.971376689889940028e-07 1.020757277215664288e-05 2.151674676032482719e-04 -3.944323337157465046e-07 4.054974275550017770e-07 1.333350799385341703e-06 1.297590226033896551e-06 1.758034578769916325e-06 2.017134049013186061e-06 -1.065919459384250696e-05 2.106132398810414062e-06 2.061113573672888958e-06 2.228022906948345256e-06
1.997159719473333414e-05 1.114128967805328218e-06 6.179123888847104875e-05 -5.594070178894994038e-07 -3.060698938754292941e-06 -7.608007614404150896e-07 9.266772169125559448e-08 6.838732464096340976e-07 8.248443102042402209e-07 1.397786200589841032e-06 1.729921545125006672e-06 1.119184944179351002e-06 1.755216769696477813e-05 1.274132270288276616e-06 6.482190511981352625e-07 -4.233350309349422315e-06 1.119508127178196348e-04 -1.815009802422462733e-07 3.541770220723701867e-07 5.801422585565238775e-07 1.181313579210142569e-06 1.178179714246362604e-06 1.189484271324746942e-06 2.059383821770725230e-06 -8.701105018018019565e-06 1.456894862260475945e-06 1.592291762908167933e-06
-5.764401121800668446e-07 -1.004891494892037184e-08 5.180297133338712231e-06 -2.640037841759792972e-07 -1.079286510477869907e-06 -7.746838539686915746e-08 3.028945081025351138e-07 4.496759236310426373e-07 6.108246874521870779e-07 9.419158794586574748e-07 9.375249204879038950e-07 1.222509735270595473e-06 1.274132270288276616e-06 1.998265810843719118e-05 1.653719555972903355e-06 -1.470916849394407209e-05 -6.092375943507384063e-05 -1.402591190418714264e-07 6.735116386208886630e-08 2.826635215790342426e-07 6.361638721285160378e-07 8.720522141879890773e-07 1.438043209979837098e-06 1.501984869009243711e-06 1.608374747323756860e-06 -7.479358752972604946e-06 9.504967033713042501e-07
-4.496640148351558459e-05 3.113994874106490251e-07 -2.234032962696956277e-04 5.512805994647788891e-07 4.188464023601554588e-06 5.640587497960483381e-07 -1.158712535754849811e-07 -3.267128924088054178e-07 4.906854867598107806e-08 -3.502748524394243850e-07 2.279602983093598649e-07 4.971376689889943204e-07 6.482190511981352625e-07 1.653719555972903355e-06 2.441670162354665728e-05 -2.462461647943828518e-05 -2.578464501770497694e-04 -8.459943844953091945e-09 5.286650252693240658e-08 1.589142815035612490e-07 -3.167239121867880723e-07 6.983284401800673323e-07 2.569371557663181450e-07 3.437454383095698024e-07 7.244042751505546514e-07 5.600161052617002660e-07 -5.213737424600279509e-06
-2.734820036182364182e-03 1.995482634431720092e-05 -1.553103245896197190e-03 2.053427615895504847e-06 1.730554430663524081e-04 7.906927636220740529e-06 1.822754135573248927e-05 2.195242470754797529e-05 2.515267351894481151e-05 2.127880882746572267e-05 1.814357567370699593e-05 1.020757277215664288e-05 -4.233350309349422315e-06 -1.470916849394407209e-05 -2.462461647943828518e-05 2.435857090608960045e-03 1.568993306556846351e-02 2.323942890173859062e-07 -8.523393956471372236e-06 -1.579865228523910433e-05 -2.674183960977201074e-05 -2.696198068779857195e-05 -2.534290267927489707e-05 -1.567928432335584442e-05 2.084976599015990153e-06 2.142554231848893672e-05 6.807718620429566755e-05
-1.886913952601805902e-02 -3.346192442068024876e-04 -5.320141172736870400e-02 2.425936825606919605e-05 1.485386460226448962e-03 -1.011114212436186720e-03 -3.647756228012480361e-04 -7.524180586009647433e-05 1.528786895865075072e-04 2.433327680940201572e-04 2.842650113960817947e-04 2.151674676032482719e-04 1.119508127178196348e-04 -6.092375943507384063e-05 -2.578464501770497694e-04 1.568993306556846351e-02 2.810368667403089216e-01 -2.817366374195962595e-04 -1.614967949168503753e-04 -8.127762081320919093e-05 -1.901426429806415725e-04 -1.769114628948026760e-04 -1.836453492546626196e-04 -7.171033543549428446e-05 4.569973981080506238e-05 2.229926135608519824e-04 6.412276885836731182e-04
1.587128452659480429e-05 -2.098675254201451579e-07 5.193590199389582899e-06 -5.301825530492110757e-07 -1.713727972338278948e-06 -4.148186123179334770e-06 1.716219459464536738e-06 1.032073205144321638e-06 5.054609867188941250e-07 2.379287929295090474e-07 -1.428895161233920761e-07 -3.944323337157463987e-07 -1.815009802422462733e-07 -1.402591190418714264e-07 -8.459943844953091945e-09 2.323942890173859062e-07 -2.817366374195962595e-04 9.687741179257795658e-05 5.597789715679769634e-07 7.810523487312213782e-07 5.956103625631547922e-07 1.240400257622243316e-07 3.894509715853660585e-07 5.136343883862610629e-07 -7.782236470988956867e-08 -2.033216972518518914e-07 -6.545202688876499570e-07
3.474809936830636892e-05 9.738541209100698985e-07 6.790900882615415537e-04 -4.036814546269248243e-07 -6.144017868982047435e-06 1.663110258953601078e-06 -9.905462169638057802e-06 1.270541295802948409e-06 8.006803915308333602e-07 1.120233855858332341e-06 5.903803391708409690e-07 4.054974275550017770e-07 3.541770220723701867e-07 6.735116386208886630e-08 5.286650252693240658e-08 -8.523393956471372236e-06 -1.614967949168503753e-04 5.597789715679769634e-07 8.748129922144593157e-05 1.861277978886278338e-06 2.748349729210463427e-06 2.347416985809317383e-06 2.392036905820133371e-06 2.466021827417831042e-06 2.119965450581160167e-06 1.470363460810884913e-06 5.497363997486387528e-07
6.262316918029057209e-05 1.283002392027379952e-06 6.337043880451242615e-04 -1.489120650134962430e-06 -9.678902655881182546e-06 1.352811252349562176e-06 1.273401595714689895e-06 -1.243465357782941824e-05 1.773929781211346794e-06 1.262288909768685227e-06 1.303620808723316363e-06 1.333350799385341703e-06 5.801422585565238775e-07 2.826635215790342426e-07 1.589142815035612490e-07 -1.579865228523910433e-05 -8.127762081320919093e-05 7.810523487312213782e-07 1.861277978886278338e-06 7.774978504324646432e-05 2.974791820324021716e-06 3.568197816149957132e-06 3.811820748814871063e-06 3.322447769261530855e-06 3.626327929845966002e-06 2.753685798720140146e-06 1.342140378603107755e-06
7.874895206802755016e-05 1.300718739017629503e-06 9.439998280493113554e-04 -1.949650642638003047e-06 -1.328092918095543257e-05 1.347537360537771491e-06 1.465479189460537518e-06 1.626343922415211186e-06 -1.296341358189382080e-05 1.910105014560914444e-06 1.171342176294556565e-06 1.297590226033896551e-06 1.181313579210142569e-06 6.361638721285160378e-07 -3.167239121867880723e-07 -2.674183960977201074e-05 -1.901426429806415725e-04 5.956103625631547922e-07 2.748349729210463427e-06 2.974791820324021716e-06 6.644332386574247954e-05 4.584063673620918049e-06 5.566470853312348507e-06 5.640368908712400135e-06 4.953860781443656427e-06 4.609349744894886169e-06 2.839244824432100128e-06
6.206095679106811219e-05 4.074351747689495714e-06 7.814230094375260128e-04 -1.131718120027838567e-06 -1.122531355509815932e-05 1.277425500575063803e-06 1.390628511420183880e-06 1.481367320791328622e-06 1.547818291928381138e-06 -1.268252914647989136e-05 1.587827967800027047e-06 1.758034578769916325e-06 1.178179714246362604e-06 8.720522141879890773e-07 6.983284401800673323e-07 -2.696198068779857195e-05 -1.769114628948026760e-04 1.240400257622243316e-07 2.347416985809317383e-06 3.568197816149957132e-06 4.584063673620918049e-06 5.624848223432452201e-05 7.043504123096167264e-06 7.147096458572497926e-06 7.122885750470418594e-06 6.785951335224134327e-06 5.399331010550303501e-06
3.356627273386676464e-05 2.885223357430538640e-06 8.773097491496652071e-04 -1.592241645470936720e-06 -1.100528741738045067e-05 9.972461330861825462e-07 1.580632802960352760e-06 1.880869783077516472e-06 1.735362562801039772e-06 1.873489285101360545e-06 -1.192024962210505626e-05 2.017134049013186061e-06 1.189484271324746942e-06 1.438043209979837098e-06 2.569371557663181450e-07 -2.534290267927489707e-05 -1.836453492546626196e-04 3.894509715853660585e-07 2.392036905820133371e-06 3.811820748814871063e-06 5.566470853312348507e-06 7.043504123096167264e-06 4.834608735533820785e-05 8.449218425520327848e-06 9.165125687501421732e-06 8.462480582491570434e-06 7.571119425404426761e-06
-1.772729686022794305e-05 8.150727990060668149e-07 1.853640259427872074e-04 -1.920457824142659804e-06 -5.688792552937152747e-06 5.511737447644124607e-07 1.244310454197726404e-06 1.875560367388869652e-06 2.021117736511077633e-06 2.176522427647590543e-06 1.927717844774017986e-06 -1.065919459384250696e-05 2.059383821770725230e-06 1.501984869009243711e-06 3.437454383095698024e-07 -1.567928432335584442e-05 -7.171033543549428446e-05 5.136343883862610629e-07 2.466021827417831042e-06 3.322447769261530855e-06 5.640368908712400135e-06 7.147096458572497926e-06 8.449218425520327848e-06 4.083011676763901535e-05 1.014384418465041580e-05 1.057849521070367920e-05 1.072773042424133328e-05
-8.998079800432723927e-05 8.275773995522291562e-07 1.490756925932221280e-05 -5.740779467330943929e-07 1.126772656440150371e-06 3.796198512300973962e-07 1.187373886640631544e-06 1.706880121894928118e-06 2.137429882208109475e-06 2.228328646913094590e-06 1.690303750574560857e-06 2.106132398810414062e-06 -8.701105018018019565e-06 1.608374747323756860e-06 7.244042751505546514e-07 2.084976599015990153e-06 4.569973981080506238e-05 -7.782236470988956867e-08 2.119965450581160167e-06 3.626327929845966002e-06 4.953860781443656427e-06 7.122885750470418594e-06 9.165125687501421732e-06 1.014384418465041580e-05 3.472729077919629572e-05 1.270677337409468242e-05 1.384252648045903717e-05
-1.768792236509811832e-04 5.096713632014480375e-08 -4.803692312730216971e-04 2.649324412770958548e-08 9.207415969883709413e-06 -2.985339106441152026e-07 7.516598052070826442e-07 1.554977292810797661e-06 2.014324949401286206e-06 2.261563448137935977e-06 2.190137450417528067e-06 2.061113573672888958e-06 1.456894862260475945e-06 -7.479358752972604946e-06 5.600161052617002660e-07 2.142554231848893672e-05 2.229926135608519824e-04 -2.033216972518518914e-07 1.470363460810884913e-06 2.753685798720140146e-06 4.609349744894886169e-06 6.785951335224134327e-06 8.462480582491570434e-06 1.057849521070367920e-05 1.270677337409468242e-05 3.143291910236177056e-05 1.743127946180487295e-05
-3.630894136198875599e-04 -1.732649777756479387e-06 -1.272843214009071163e-03 1.437313380171465332e-06 2.568479186535569682e-05 -1.410479124072215660e-06 1.306525717600311799e-07 1.199341584906464134e-06 2.003385383620197711e-06 2.409684009472206362e-06 2.420054138673544291e-06 2.228022906948344833e-06 1.592291762908167933e-06 9.504967033713042501e-07 -5.213737424600279509e-06 6.807718620429566755e-05 6.412276885836731182e-04 -6.545202688876499570e-07 5.497363997486387528e-07 1.342140378603107755e-06 2.839244824432100128e-06 5.399331010550303501e-06 7.571119425404426761e-06 1.072773042424133328e-05 1.384252648045903717e-05 1.743127946180487295e-05 3.354335061429952985e-05
