# As_1e9 ns H0 omegab omegam LSST_DZ_S1 LSST_DZ_S2 LSST_DZ_S3 LSST_DZ_S4 LSST_DZ_S5 LSST_DZ_S6 LSST_DZ_S7 LSST_DZ_S8 LSST_DZ_S9 LSST_DZ_S10 LSST_A1_1 LSST_A1_2 LSST_M1 LSST_M2 LSST_M3 LSST_M4 LSST_M5 LSST_M6 LSST_M7 LSST_M8 LSST_M9 LSST_M10 LSST_B1_1 LSST_B1_2 LSST_B1_3 LSST_B1_4 LSST_B1_5 LSST_B1_6 LSST_B1_7 LSST_B1_8 LSST_B1_9 LSST_B1_10
1.253423823966774188e-02 1.749562109797856433e-03 -1.667294183956972986e-01 -5.396385143400031503e-05 -2.861100702472608721e-04 2.079023944510054308e-05 2.748681768539343545e-05 3.477621983953902264e-05 3.502927088079129438e-05 2.561031664733251736e-05 2.166823637470168245e-05 6.620214253665525310e-06 -1.322484085117137430e-05 -2.852089053486037005e-05 -4.985572005266835190e-05 3.684718767927184970e-04 2.877436652434124664e-04 1.628510935245722054e-06 4.488377456689983348e-07 -1.057165702105943269e-05 -1.715301439294430498e-05 -9.645016102307617961e-06 -1.521241769114242535e-05 -1.568391170411834065e-05 -1.947444525945934196e-05 -3.575879182778949976e-05 -5.834039937502212835e-05 -7.869294515527560296e-04 -8.140708397003922981e-04 -8.425491435254802916e-04 -8.983074256931631099e-04 -9.331932008864486650e-04 -1.046813521279879458e-03 -1.146982044024332523e-03 -1.368005714237199594e-03 -1.913256149875718288e-03 -2.765538413995533712e-03
1.749562109797856433e-03 3.315615236725210019e-04 -2.362468975654816172e-02 -2.304422468545645592e-06 -4.196918638662195425e-05 3.257559601174937228e-07 1.632320820334706291e-06 2.803109893333539652e-06 2.878621853758395002e-06 1.722917377371985834e-06 2.232568391205458667e-06 1.011888876330299746e-06 -8.373315716945834037e-07 -3.160679900695894752e-06 -2.924447495977835088e-06 9.629808972600885472e-05 1.666395871000871077e-04 1.343850402945629100e-06 2.975139551508738268e-06 3.586049077052386546e-06 4.101774181669210762e-06 5.759081541983842647e-06 5.184939659416153302e-06 5.758988956874487408e-06 6.038113620892348903e-06 5.907053501925081467e-06 4.129539824196208891e-06 -9.172775981932552449e-05 -8.589095309299945343e-05 -8.133465513105792759e-05 -8.080115748937295717e-05 -8.251717756582186488e-05 -8.851498241177313379e-05 -8.329577782946695442e-05 -1.021301494285044005e-04 -1.572736112372381887e-04 -3.279366626514156990e-04
-1.667294183956972708e-01 -2.362468975654816866e-02 4.532773989356911670e+00 1.834968329073164957e-03 -4.321752152930197037e-03 4.440067359986648362e-04 5.557189461972392337e-04 5.989853071002161460e-04 5.338957074855493626e-04 5.680388888113788648e-04 4.447153594826145609e-04 2.484220003996755058e-04 3.538496734863336439e-04 -1.096225314339416138e-04 -2.027605862897148732e-04 6.467262061273609981e-03 1.031589500142937772e-02 9.248800083416661112e-05 2.753140141909488856e-05 5.092769961368648427e-05 2.100982977053055640e-04 2.028385870376001355e-05 5.216701985921358843e-05 7.672183058512166258e-05 -1.954511629275522508e-04 -1.534011361757892631e-04 -4.554144532304075913e-04 -1.018091295458545265e-02 -1.002179928990750389e-02 -1.076319409931389415e-02 -1.091125336742857291e-02 -1.134172025508443579e-02 -1.127818084046083337e-02 -1.268871205551964226e-02 -1.210633211603117515e-02 -7.968249064230079753e-03 -1.753117608428410518e-03
-5.396385143400031503e-05 -2.304422468545645592e-06 1.834968329073164523e-03 4.101633618703493490e-06 2.173515547110721384e-06 -2.119748143074710582e-07 -3.019739121262092324e-07 -3.225182593813294581e-07 -3.221264563639692585e-07 -3.231557388463977664e-07 -3.951566785211817209e-07 -3.898724209015520378e-07 -2.816631017019416245e-07 -3.965755625732503685e-07 3.649996949882891919e-07 -8.633390692542761256e-07 1.965893823878937536e-05 7.609780676319900802e-08 8.872483692153019250e-08 2.024432424213475723e-08 -8.164556716393091149e-08 -9.866777174815174733e-08 -3.841539867002983350e-08 -3.838812490078733977e-09 -7.950639616960773781e-08 4.730404297609569302e-08 -2.063137181816690191e-08 5.049716957578413080e-06 5.573412362654237688e-06 5.533470366137015958e-06 5.623242144565051651e-06 5.468106701945773123e-06 5.948846000229882741e-06 5.518452089623030776e-06 5.235942099435312741e-06 4.597710306625149225e-06 -1.547088922779854832e-05
-2.861100702472608721e-04 -4.196918638662195425e-05 -4.321752152930197037e-03 2.173515547110721384e-06 4.465857923188675053e-05 -3.440963735384896872e-06 -4.865427315010924309e-06 -5.715694980452794349e-06 -5.582461617886961568e-06 -5.103553045642110654e-06 -4.575379489394314892e-06 -2.705887716751684690e-06 -1.632566081285289099e-06 1.414092825644085397e-06 4.410440490504449912e-06 -6.114522029430364397e-05 -4.223726557097868970e-05 -6.082068458951056750e-07 -9.410861323237093799e-07 -1.331433306579515147e-06 -2.202688766879567281e-06 -2.345676557082707502e-06 -2.207273859685892301e-06 -2.518727068190630331e-06 -1.401885039398715473e-06 -5.713850986621627016e-07 2.071338916920074825e-06 1.060130006404737610e-04 1.063961174196403653e-04 1.104019526181451765e-04 1.145100259842555049e-04 1.187858749077651006e-04 1.261723090571489024e-04 1.368407871345065524e-04 1.478347308888995951e-04 1.668464914882913171e-04 1.833120099528890269e-04
2.079023944510054308e-05 3.257559601174937228e-07 4.440067359986649446e-04 -2.119748143074710582e-07 -3.440963735384896872e-06 4.579398687785597376e-06 2.429454967801613351e-06 1.893830207317797201e-06 1.663052104182941238e-06 1.342983260099457066e-06 1.168023634695035267e-06 7.082509611409693089e-07 2.108741131045951215e-07 3.005634300370844665e-07 -1.829201979270470140e-07 5.523049259619599902e-06 -5.523099229769924830e-05 -1.781896844115675082e-06 1.250473974190683597e-06 1.183726497406372180e-06 7.954701120507395479e-07 5.780223079331471222e-07 3.287701498739390643e-07 2.499095269571957431e-07 1.572377847088400303e-07 -3.830840605945197966e-07 -7.470899904573059067e-07 2.982879545672100398e-06 -6.372380822733622290e-06 -1.085633879143677459e-05 -1.202049128308910382e-05 -1.263218247551644277e-05 -1.406984481282058253e-05 -1.505415450210784098e-05 -1.513885459022956185e-05 -1.618387131703599572e-05 -7.443839483262433638e-06
2.748681768539343545e-05 1.632320820334706291e-06 5.557189461972394506e-04 -3.019739121262092324e-07 -4.865427315010924309e-06 2.429454967801613351e-06 4.592421440014485237e-06 2.609749667031454611e-06 2.184000608349481404e-06 1.887624942439658796e-06 1.633042975758012123e-06 1.184922364609156977e-06 5.961125124517786434e-07 3.912053173147840982e-07 -4.182341441801514185e-07 8.493776138595650026e-06 -1.887818358190048961e-05 9.429853527441181558e-07 -3.244822717151144530e-06 5.787289813835808331e-07 1.044136564845590828e-06 9.419867547287267544e-07 8.010466704681645665e-07 8.062146317800415695e-07 7.477692679554172380e-07 3.437162305505533561e-07 -1.139478150901029441e-07 -4.447165481998927974e-06 -5.144893957307682245e-07 -9.021905307117418938e-06 -1.500835077900225271e-05 -1.639945759326355692e-05 -1.736876686157838248e-05 -1.909222985932945593e-05 -1.945449187162565124e-05 -2.049456947094269245e-05 -2.338186483858520177e-05
3.477621983953901587e-05 2.803109893333540499e-06 5.989853071002161460e-04 -3.225182593813296698e-07 -5.715694980452794349e-06 1.893830207317797625e-06 2.609749667031454187e-06 4.432525605753901614e-06 3.095151128830532944e-06 2.234107053401170040e-06 1.990757328982831243e-06 1.499384320739646399e-06 1.049125029923891121e-06 6.015466735932565673e-07 -3.465877135984048990e-08 8.188860851570883302e-06 5.244373239789583089e-06 3.959390903640356147e-07 2.117967998329135824e-07 -2.694295178976578018e-06 -4.329535248981884903e-08 9.725451081841453324e-07 9.140763905249756391e-07 9.269976879230585513e-07 7.711726397906791904e-07 4.842670922303928764e-07 -1.041825817494347829e-07 -3.832437368280242504e-06 -9.116533820483182482e-06 -6.663450754050265162e-06 -1.059226087174726882e-05 -1.799512112834383213e-05 -2.100805395458798245e-05 -2.272117857440831036e-05 -2.146592015083067102e-05 -2.457123742378475339e-05 -3.183353016943221199e-05
3.502927088079129438e-05 2.878621853758395002e-06 5.338957074855489289e-04 -3.221264563639692585e-07 -5.582461617886961568e-06 1.663052104182941238e-06 2.184000608349481404e-06 3.095151128830532521e-06 5.069736174808589581e-06 3.220614313347390512e-06 2.355185713439597469e-06 1.757367095937268072e-06 1.287163828352478794e-06 9.521112571534894911e-07 -1.037849213214072248e-07 7.967617199691735369e-06 2.258398063352274940e-05 1.104375355329618985e-07 4.522713547719935051e-07 -2.665919822564824732e-07 -2.715019295533469455e-06 2.205889771509165882e-07 1.171997202578819727e-06 1.351394686266882808e-06 1.128685921176740575e-06 7.673290445349661596e-07 3.022859013722787055e-07 -4.441837697186876041e-06 -4.183621013314180560e-06 -1.002613834140785704e-05 -7.537694188809231076e-06 -9.758697777446256910e-06 -1.887580730111083330e-05 -2.434494165238494212e-05 -2.157292140234406402e-05 -2.428422373474642434e-05 -3.124648799351570556e-05
2.561031664733251736e-05 1.722917377371985834e-06 5.680388888113788648e-04 -3.231557388463977664e-07 -5.103553045642110654e-06 1.342983260099457066e-06 1.887624942439658796e-06 2.234107053401170040e-06 3.220614313347390512e-06 5.464535349807505471e-06 3.240947440046377487e-06 2.168029631815152589e-06 1.688968900989780759e-06 1.142383533035657699e-06 2.186250777520021788e-07 6.843028824649870691e-06 3.032928659047261319e-05 8.869692963444118430e-09 2.139880480866422447e-07 5.314055082166945092e-07 -3.512919847994303456e-07 -2.824015536031557918e-06 3.827955280231193313e-07 1.363550360541166266e-06 1.256303103813514874e-06 1.001310027805265014e-06 5.306735963533251774e-07 -4.996541314982214411e-06 -4.085311507737616625e-06 -5.428943498177130521e-06 -9.849103386615010787e-06 -4.310908826378132584e-06 -7.739970588166803701e-06 -2.067104973319260327e-05 -2.176514862227524905e-05 -2.284218621531259168e-05 -3.073282670328683744e-05
2.166823637470168245e-05 2.232568391205458667e-06 4.447153594826146693e-04 -3.951566785211817209e-07 -4.575379489394314892e-06 1.168023634695035267e-06 1.633042975758012123e-06 1.990757328982830820e-06 2.355185713439597469e-06 3.240947440046377487e-06 6.483333814972817643e-06 3.360778283005541469e-06 2.103801537551380804e-06 1.428040751070699344e-06 3.698690747204425947e-07 7.007261808754230504e-06 4.081925138844376318e-05 -5.819346758354545247e-08 1.339578155842632677e-07 3.935517273116220894e-07 5.801466733932533282e-07 -1.424494426677046862e-07 -3.217948705928897941e-06 5.394799958216608619e-07 1.436085502988086200e-06 1.338824470036667668e-06 8.870826569489018140e-07 -3.889814758067921848e-06 -3.296474620733801537e-06 -3.624372146123327095e-06 -3.824354244779935874e-06 -7.653914023395473165e-06 -9.552438231296151194e-07 -6.630846057516889784e-06 -1.752779827525664073e-05 -2.321813401334287992e-05 -1.357231457424634956e-05
6.620214253665525310e-06 1.011888876330299746e-06 2.484220003996757227e-04 -3.898724209015520378e-07 -2.705887716751684690e-06 7.082509611409693089e-07 1.184922364609156977e-06 1.499384320739646399e-06 1.757367095937268072e-06 2.168029631815152589e-06 3.360778283005541469e-06 7.548577869414017111e-06 3.235690174804556290e-06 1.801500609621802457e-06 4.712962553367497130e-07 3.359375956457368143e-06 4.015164362420767734e-05 -2.582446122572752622e-07 1.532757835342925964e-08 3.026059304030653271e-07 6.482370418236927422e-07 5.929165428259493915e-07 -2.956640519122004522e-07 -3.358866114314971576e-06 8.542038300242945286e-07 1.659262689550597472e-06 1.422900114887010314e-06 -6.436558948677996169e-08 9.602534920536964631e-09 7.318322196149350259e-07 1.867364839626832695e-06 2.717455091089918122e-06 -1.426784440386121803e-06 6.851880257501763949e-06 2.087321046148903113e-06 -9.179327096002095105e-06 -5.054052558387376633e-06
-1.322484085117138277e-05 -8.373315716945825566e-07 3.538496734863336439e-04 -2.816631017019417304e-07 -1.632566081285289099e-06 2.108741131045947509e-07 5.961125124517785375e-07 1.049125029923891121e-06 1.287163828352478794e-06 1.688968900989780759e-06 2.103801537551380381e-06 3.235690174804556714e-06 1.034854297203771639e-05 2.877130108432897685e-06 6.904908126706786942e-07 1.358021704679852275e-06 2.258291925815448229e-05 -8.943051792534100769e-08 1.371516369744358736e-07 1.890211047586669388e-07 5.418914396409257131e-07 3.737231324950139091e-07 4.927458781583857823e-07 -6.033297600312402357e-08 -4.399412101637506990e-06 1.170192422668961075e-06 1.625777138081651684e-06 1.090351161398318192e-07 1.063759691240757345e-06 2.595842503018521126e-06 3.880589708698450764e-06 5.285791592297920397e-06 5.224561574869640758e-06 3.988712760902186803e-06 2.000321816764834328e-05 6.228894579643321220e-06 2.765408674293210770e-06
-2.852089053486037005e-05 -3.160679900695894752e-06 -1.096225314339417358e-04 -3.965755625732503685e-07 1.414092825644085397e-06 3.005634300370844665e-07 3.912053173147840982e-07 6.015466735932569908e-07 9.521112571534894911e-07 1.142383533035657699e-06 1.428040751070699344e-06 1.801500609621802457e-06 2.877130108432897685e-06 1.435761961282135257e-05 2.812758071904000187e-06 -7.137394856103659497e-06 -3.230851121754953068e-05 -2.686097306437360876e-07 3.353456165488570482e-08 2.108723292619337815e-07 -1.391854553973398912e-08 2.342095823214617321e-07 3.379011021518676627e-07 5.442256137754962152e-07 3.786197455904658334e-07 -4.381614214844672059e-06 1.599186874605542906e-06 7.221088817432449046e-06 8.222096059016623673e-06 9.320645683136459525e-06 1.024477826276041522e-05 1.097993522144847205e-05 1.429137674656875066e-05 1.801927995296744261e-05 1.878255045479738878e-05 5.512113756903282852e-05 1.354592474630418813e-05
-4.985572005266835190e-05 -2.924447495977835088e-06 -2.027605862897148732e-04 3.649996949882891919e-07 4.410440490504449912e-06 -1.829201979270470140e-07 -4.182341441801514185e-07 -3.465877135984048990e-08 -1.037849213214072248e-07 2.186250777520021788e-07 3.698690747204425947e-07 4.712962553367497130e-07 6.904908126706786942e-07 2.812758071904000187e-06 2.182534197565195742e-05 -9.789467856431265458e-06 -7.359752976661973955e-05 -7.215561119853686592e-08 4.112341946518481580e-07 -3.284722145905008799e-07 2.070541861652043817e-08 -2.129570456154445807e-07 -3.090684944156946708e-08 3.031742647106630683e-07 5.948619954598366161e-07 1.165923062866376179e-07 -3.730912534794962525e-06 1.430702361870484015e-05 1.382957655877656446e-05 1.552198823670027591e-05 1.558000914557098528e-05 1.604296579531208514e-05 2.140527982099228377e-05 2.789424813032528478e-05 2.867795428885548369e-05 1.254789589318046290e-05 3.568348274941543133e-05
3.684718767927184970e-04 9.629808972600885472e-05 6.467262061273611716e-03 -8.633390692542761256e-07 -6.114522029430364397e-05 5.523049259619599902e-06 8.493776138595650026e-06 8.188860851570883302e-06 7.967617199691735369e-06 6.843028824649870691e-06 7.007261808754230504e-06 3.359375956457368143e-06 1.358021704679851216e-06 -7.137394856103659497e-06 -9.789467856431265458e-06 3.814065675743007503e-04 1.163687097117321184e-03 8.150751113948134766e-06 3.647636349085116708e-06 3.237255448213467625e-06 7.516469946514057502e-07 -8.382287102496160979e-07 -3.914161902341813173e-06 -4.240156186244277275e-06 -6.715579963163138516e-06 -6.861407641111785632e-06 -1.129337557024792596e-05 -1.281859809498374521e-04 -1.272159467777830930e-04 -1.433819409489654609e-04 -1.518560863763338648e-04 -1.726467534788614030e-04 -1.938243360342903386e-04 -1.904068187095553160e-04 -2.147530949075520952e-04 -2.775938311021900222e-04 -1.453956180940614335e-04
2.877436652434124664e-04 1.666395871000871077e-04 1.031589500142938119e-02 1.965893823878937536e-05 -4.223726557097868970e-05 -5.523099229769924830e-05 -1.887818358190048961e-05 5.244373239789606806e-06 2.258398063352274940e-05 3.032928659047261319e-05 4.081925138844376318e-05 4.015164362420767734e-05 2.258291925815448229e-05 -3.230851121754953068e-05 -7.359752976661973955e-05 1.163687097117321184e-03 3.513248490014174441e-02 -1.597471353638552029e-04 -3.389262408496827411e-05 3.583688433142996399e-05 5.819414909241399126e-05 6.053413263856450633e-05 4.019881381769953998e-05 3.254471653132431051e-05 1.921706672983988410e-05 8.677962848174246199e-06 -2.143491108404113228e-05 -1.825646718870859483e-04 -1.219620729073557936e-04 -1.912464461684602825e-05 6.465838810821236010e-05 -1.428890955454316944e-04 -4.968075031513919044e-04 -7.136433903769154969e-04 -1.067105113758525653e-03 -1.833959482367465872e-03 9.955551788117420701e-04
1.628510935245719724e-06 1.343850402945628464e-06 9.248800083416661112e-05 7.609780676319896832e-08 -6.082068458951056750e-07 -1.781896844115675082e-06 9.429853527441183675e-07 3.959390903640356147e-07 1.104375355329618324e-07 8.869692963444118430e-09 -5.819346758354560467e-08 -2.582446122572752093e-07 -8.943051792534100769e-08 -2.686097306437358759e-07 -7.215561119853686592e-08 8.150751113948133072e-06 -1.597471353638551758e-04 8.652580861093599738e-05 2.717176772592987887e-06 2.249324057645122872e-06 2.104537003831028688e-06 1.253237080378664769e-06 1.102435789938275695e-06 1.114650406199748351e-06 7.982577670867304054e-07 8.203470143241187238e-07 5.555356425995859606e-07 -1.263221701708316270e-05 3.067133537344680505e-07 1.488232606961413851e-06 -6.135101543942803062e-07 -1.216129643845055920e-06 1.321037773235965218e-06 1.818954152684974361e-06 2.791280337426952035e-06 8.104916509191184402e-06 -1.688125232295190336e-05
4.488377456689983348e-07 2.975139551508738268e-06 2.753140141909481064e-05 8.872483692153019250e-08 -9.410861323237093799e-07 1.250473974190683597e-06 -3.244822717151144530e-06 2.117967998329135824e-07 4.522713547719935051e-07 2.139880480866422447e-07 1.339578155842632677e-07 1.532757835342925964e-08 1.371516369744357942e-07 3.353456165488570482e-08 4.112341946518481580e-07 3.647636349085116708e-06 -3.389262408496827411e-05 2.717176772592987887e-06 6.258455360607697844e-05 5.294084499227786268e-06 4.602548036631155330e-06 4.617938854081410867e-06 4.381528183070715134e-06 4.107431832916273770e-06 3.647096443877947640e-06 3.488711863053540203e-06 3.091800146152387671e-06 2.863733367007889496e-06 -1.547692461214920646e-05 -2.441940552788073530e-06 6.790003876630018320e-06 6.701626603207018633e-06 4.283138789333938198e-06 4.034670596001809422e-06 5.408677043244348924e-06 2.509352601854456733e-06 8.845920056882794884e-06
-1.057165702105943269e-05 3.586049077052386546e-06 5.092769961368648427e-05 2.024432424213475723e-08 -1.331433306579515147e-06 1.183726497406372180e-06 5.787289813835808331e-07 -2.694295178976578018e-06 -2.665919822564824732e-07 5.314055082166945092e-07 3.935517273116220894e-07 3.026059304030653271e-07 1.890211047586669388e-07 2.108723292619337815e-07 -3.284722145905008799e-07 3.237255448213467625e-06 3.583688433142996399e-05 2.249324057645122872e-06 5.294084499227786268e-06 4.475370511124675108e-05 7.837457423641354878e-06 6.597507800245057922e-06 6.758862124099262973e-06 6.938265144989417390e-06 6.718997132499140143e-06 6.477392267295388367e-06 6.443908249472020125e-06 2.272705011881015414e-06 5.819440405105820312e-06 -4.312069713421370420e-06 -4.407828597803939157e-08 1.113713804647887072e-05 1.239525146777172829e-05 1.050522088970164110e-05 9.109687812632457100e-06 6.754879182486149886e-06 1.298032806590157223e-05
-1.715301439294430498e-05 4.101774181669210762e-06 2.100982977053056182e-04 -8.164556716393091149e-08 -2.202688766879567281e-06 7.954701120507395479e-07 1.044136564845590828e-06 -4.329535248981872992e-08 -2.715019295533469455e-06 -3.512919847994303456e-07 5.801466733932533282e-07 6.482370418236927422e-07 5.418914396409257131e-07 -1.391854553973398912e-08 2.070541861652043817e-08 7.516469946514057502e-07 5.819414909241399126e-05 2.104537003831029111e-06 4.602548036631155330e-06 7.837457423641354878e-06 3.518551978529990785e-05 9.017094185605456616e-06 7.872075425573032704e-06 7.866658158553187525e-06 8.033681738485705932e-06 8.161396738841657819e-06 7.774131701712141615e-06 4.690244776734437926e-06 2.315936264446413863e-06 7.161930938055302977e-06 -4.427386230041226554e-07 5.873049054850594027e-08 1.091085479836998118e-05 1.402648893402286414e-05 1.037548350491238186e-05 7.337325167434305512e-06 1.168814151922111150e-05
-9.645016102307617961e-06 5.759081541983842647e-06 2.028385870375981704e-05 -9.866777174815174733e-08 -2.345676557082707502e-06 5.780223079331471222e-07 9.419867547287267544e-07 9.725451081841457559e-07 2.205889771509165882e-07 -2.824015536031557918e-06 -1.424494426677046862e-07 5.929165428259493915e-07 3.737231324950139621e-07 2.342095823214617321e-07 -2.129570456154445807e-07 -8.382287102496160979e-07 6.053413263856450633e-05 1.253237080378664980e-06 4.617938854081410867e-06 6.597507800245057922e-06 9.017094185605456616e-06 3.026467484354525587e-05 9.778870719187242419e-06 9.104650741486064965e-06 9.292376546343495162e-06 9.255375116483457060e-06 9.075510434980063834e-06 9.044673743146371665e-06 7.837609153120863760e-06 6.660247304272680930e-06 8.736061533094162322e-06 -1.139202967375011449e-06 8.066744233366744341e-07 1.316082092343356487e-05 1.600452111867578362e-05 1.062786626676805872e-05 9.154861966014732973e-06
-1.521241769114242535e-05 5.184939659416152455e-06 5.216701985921358843e-05 -3.841539867002984674e-08 -2.207273859685892301e-06 3.287701498739392761e-07 8.010466704681646724e-07 9.140763905249756391e-07 1.171997202578819727e-06 3.827955280231193313e-07 -3.217948705928897094e-06 -2.956640519122003993e-07 4.927458781583857823e-07 3.379011021518677685e-07 -3.090684944156946708e-08 -3.914161902341814020e-06 4.019881381769954676e-05 1.102435789938275695e-06 4.381528183070715134e-06 6.758862124099262973e-06 7.872075425573032704e-06 9.778870719187242419e-06 2.651283404098991417e-05 1.074551174870580431e-05 1.005447997511793317e-05 1.011878883383084365e-05 1.003909695480284907e-05 1.094579452870856163e-05 1.140274952939467976e-05 1.043549272734465247e-05 8.433696181253613362e-06 1.133547035112782983e-05 1.670932004037539876e-06 3.583610919836256350e-06 1.667523303624685675e-05 1.770791425601083138e-05 -6.720296574785436199e-06
-1.568391170411834065e-05 5.758988956874487408e-06 7.672183058512182521e-05 -3.838812490078733977e-09 -2.518727068190630331e-06 2.499095269571957431e-07 8.062146317800415695e-07 9.269976879230585513e-07 1.351394686266882808e-06 1.363550360541166266e-06 5.394799958216608619e-07 -3.358866114314971576e-06 -6.033297600312407651e-08 5.442256137754962152e-07 3.031742647106630683e-07 -4.240156186244277275e-06 3.254471653132431051e-05 1.114650406199748563e-06 4.107431832916273770e-06 6.938265144989417390e-06 7.866658158553187525e-06 9.104650741486064965e-06 1.074551174870580092e-05 2.368725841085418264e-05 1.129389397876717675e-05 1.084089791350961757e-05 1.076891086960910125e-05 1.147788159288385598e-05 1.405701374324277302e-05 1.318071961385553013e-05 1.048200771256400006e-05 9.357697839130077678e-06 1.275962924422822326e-05 1.954309600890929331e-06 7.360768989740233905e-06 1.431867071005703715e-05 -4.236318272375747836e-06
-1.947444525945934196e-05 6.038113620892348903e-06 -1.954511629275522508e-04 -7.950639616960773781e-08 -1.401885039398715473e-06 1.572377847088400303e-07 7.477692679554172380e-07 7.711726397906791904e-07 1.128685921176740575e-06 1.256303103813514874e-06 1.436085502988086200e-06 8.542038300242945286e-07 -4.399412101637506990e-06 3.786197455904658334e-07 5.948619954598366161e-07 -6.715579963163138516e-06 1.921706672983988410e-05 7.982577670867304054e-07 3.647096443877947640e-06 6.718997132499140143e-06 8.033681738485705932e-06 9.292376546343495162e-06 1.005447997511793317e-05 1.129389397876717675e-05 2.204223401259210714e-05 1.192457344745732163e-05 1.173134252343781016e-05 1.628690998341861742e-05 1.896765041535554622e-05 1.895088773196777979e-05 1.721724230559422381e-05 1.624499500461580183e-05 1.748257918973177200e-05 1.747832487420303066e-05 9.007578796746115439e-06 1.660776202814091446e-05 1.311861031902373928e-06
-3.575879182778949976e-05 5.907053501925081467e-06 -1.534011361757894258e-04 4.730404297609569302e-08 -5.713850986621627016e-07 -3.830840605945197966e-07 3.437162305505533561e-07 4.842670922303929823e-07 7.673290445349661596e-07 1.001310027805265014e-06 1.338824470036667668e-06 1.659262689550597472e-06 1.170192422668960651e-06 -4.381614214844672059e-06 1.165923062866376179e-07 -6.861407641111785632e-06 8.677962848174246199e-06 8.203470143241187238e-07 3.488711863053540203e-06 6.477392267295388367e-06 8.161396738841657819e-06 9.255375116483457060e-06 1.011878883383084365e-05 1.084089791350961757e-05 1.192457344745732163e-05 2.013146259315778066e-05 1.300529110271159909e-05 1.832353203789801506e-05 2.208125465833929459e-05 2.364588353390257664e-05 2.351075970869558369e-05 2.409600160478320190e-05 2.460357972953348745e-05 2.346269369296005196e-05 2.773872238786042122e-05 1.271645399386403587e-05 9.325539440690787382e-06
-5.834039937502212835e-05 4.129539824196208891e-06 -4.554144532304074829e-04 -2.063137181816690191e-08 2.071338916920074825e-06 -7.470899904573059067e-07 -1.139478150901029441e-07 -1.041825817494348624e-07 3.022859013722787055e-07 5.306735963533251774e-07 8.870826569489018140e-07 1.422900114887010314e-06 1.625777138081651896e-06 1.599186874605542906e-06 -3.730912534794962525e-06 -1.129337557024792596e-05 -2.143491108404113228e-05 5.555356425995859606e-07 3.091800146152387671e-06 6.443908249472020125e-06 7.774131701712141615e-06 9.075510434980063834e-06 1.003909695480284907e-05 1.076891086960910125e-05 1.173134252343781016e-05 1.300529110271159909e-05 1.873215380000877960e-05 2.447986479375153983e-05 2.919572956311154030e-05 3.159795390583729766e-05 3.269593480271457017e-05 3.463243903956217542e-05 3.706495382477938914e-05 3.777369074361394441e-05 4.193999609759802016e-05 5.111040686347817410e-05 3.183123991024343260e-05
-7.869294515527560296e-04 -9.172775981932552449e-05 -1.018091295458545265e-02 5.049716957578413080e-06 1.060130006404737610e-04 2.982879545672100398e-06 -4.447165481998927974e-06 -3.832437368280241657e-06 -4.441837697186876041e-06 -4.996541314982214411e-06 -3.889814758067921848e-06 -6.436558948677996169e-08 1.090351161398309854e-07 7.221088817432449046e-06 1.430702361870484015e-05 -1.281859809498374521e-04 -1.825646718870859483e-04 -1.263221701708316100e-05 2.863733367007889496e-06 2.272705011881015414e-06 4.690244776734437926e-06 9.044673743146371665e-06 1.094579452870855824e-05 1.147788159288385598e-05 1.628690998341861742e-05 1.832353203789801506e-05 2.447986479375153983e-05 4.825846043474861578e-04 2.920927753978640076e-04 2.865756082147811784e-04 3.053459592466214773e-04 3.212990107460486785e-04 3.394851821613797233e-04 3.748382855636965007e-04 4.174561952181678258e-04 4.550290132687888150e-04 4.867756865124179318e-04
-8.140708397003922981e-04 -8.589095309299945343e-05 -1.002179928990750216e-02 5.573412362654237688e-06 1.063961174196403653e-04 -6.372380822733622290e-06 -5.144893957307682245e-07 -9.116533820483184176e-06 -4.183621013314180560e-06 -4.085311507737616625e-06 -3.296474620733801537e-06 9.602534920536964631e-09 1.063759691240753533e-06 8.222096059016623673e-06 1.382957655877656446e-05 -1.272159467777830930e-04 -1.219620729073557936e-04 3.067133537344660918e-07 -1.547692461214920646e-05 5.819440405105820312e-06 2.315936264446413863e-06 7.837609153120863760e-06 1.140274952939467637e-05 1.405701374324277302e-05 1.896765041535554622e-05 2.208125465833929459e-05 2.919572956311154030e-05 2.920927753978640076e-04 5.020109614142243817e-04 3.479853003056624814e-04 2.948465321008397646e-04 3.139309116626448149e-04 3.492680350120994657e-04 3.840660756772878602e-04 4.191035443506469036e-04 4.726733596669729139e-04 4.678966736093181531e-04
-8.425491435254802916e-04 -8.133465513105792759e-05 -1.076319409931389241e-02 5.533470366137015958e-06 1.104019526181451765e-04 -1.085633879143677459e-05 -9.021905307117418938e-06 -6.663450754050263468e-06 -1.002613834140785704e-05 -5.428943498177130521e-06 -3.624372146123327095e-06 7.318322196149350259e-07 2.595842503018518162e-06 9.320645683136459525e-06 1.552198823670027591e-05 -1.433819409489654609e-04 -1.912464461684602825e-05 1.488232606961414063e-06 -2.441940552788073530e-06 -4.312069713421370420e-06 7.161930938055302977e-06 6.660247304272680930e-06 1.043549272734465078e-05 1.318071961385553013e-05 1.895088773196777979e-05 2.364588353390257664e-05 3.159795390583729766e-05 2.865756082147811784e-04 3.479853003056624814e-04 4.753824500512224141e-04 3.906567494589260393e-04 3.241524609227949632e-04 3.511810695653919102e-04 3.971787997052528491e-04 4.511249323952588332e-04 5.085799679179850170e-04 4.779481327905398067e-04
-8.983074256931631099e-04 -8.080115748937295717e-05 -1.091125336742856597e-02 5.623242144565051651e-06 1.145100259842555049e-04 -1.202049128308910382e-05 -1.500835077900225271e-05 -1.059226087174727051e-05 -7.537694188809231076e-06 -9.849103386615010787e-06 -3.824354244779935874e-06 1.867364839626832695e-06 3.880589708698454152e-06 1.024477826276041522e-05 1.558000914557098528e-05 -1.518560863763338648e-04 6.465838810821236010e-05 -6.135101543942797768e-07 6.790003876630018320e-06 -4.407828597803939157e-08 -4.427386230041226554e-07 8.736061533094162322e-06 8.433696181253611668e-06 1.048200771256400006e-05 1.721724230559422381e-05 2.351075970869558369e-05 3.269593480271457017e-05 3.053459592466214773e-04 2.948465321008397646e-04 3.906567494589260393e-04 5.183263983235481334e-04 4.404030847939178909e-04 3.671154132275544399e-04 3.969867583662779753e-04 4.630659152147943844e-04 5.247066791176116475e-04 5.335513436501760796e-04
-9.331932008864486650e-04 -8.251717756582186488e-05 -1.134172025508443579e-02 5.468106701945773123e-06 1.187858749077651006e-04 -1.263218247551644277e-05 -1.639945759326355692e-05 -1.799512112834384230e-05 -9.758697777446256910e-06 -4.310908826378132584e-06 -7.653914023395473165e-06 2.717455091089918122e-06 5.285791592297923785e-06 1.097993522144847205e-05 1.604296579531208514e-05 -1.726467534788614030e-04 -1.428890955454316944e-04 -1.216129643845058461e-06 6.701626603207018633e-06 1.113713804647887072e-05 5.873049054850594027e-08 -1.139202967375011449e-06 1.133547035112782983e-05 9.357697839130077678e-06 1.624499500461580183e-05 2.409600160478320190e-05 3.463243903956217542e-05 3.212990107460486785e-04 3.139309116626448149e-04 3.241524609227949632e-04 4.404030847939178909e-04 6.044358087237198911e-04 5.168929605325561869e-04 4.179355255342413170e-04 4.579213873412604882e-04 5.536267960249985094e-04 5.638713812608639941e-04
-1.046813521279879458e-03 -8.851498241177313379e-05 -1.127818084046083684e-02 5.948846000229882741e-06 1.261723090571489024e-04 -1.406984481282058253e-05 -1.736876686157838248e-05 -2.100805395458798245e-05 -1.887580730111083330e-05 -7.739970588166803701e-06 -9.552438231296151194e-07 -1.426784440386121803e-06 5.224561574869636522e-06 1.429137674656875066e-05 2.140527982099228377e-05 -1.938243360342903386e-04 -4.968075031513919044e-04 1.321037773235965218e-06 4.283138789333938198e-06 1.239525146777172829e-05 1.091085479836998118e-05 8.066744233366744341e-07 1.670932004037540088e-06 1.275962924422822326e-05 1.748257918973177200e-05 2.460357972953348745e-05 3.706495382477938914e-05 3.394851821613797233e-04 3.492680350120994657e-04 3.511810695653919102e-04 3.671154132275544399e-04 5.168929605325561869e-04 7.377270634790505542e-04 6.270343841146015090e-04 4.934190428374417509e-04 5.827579204006837731e-04 5.560644039916086065e-04
-1.146982044024332523e-03 -8.329577782946695442e-05 -1.268871205551964226e-02 5.518452089623030776e-06 1.368407871345065524e-04 -1.505415450210784098e-05 -1.909222985932945593e-05 -2.272117857440831374e-05 -2.434494165238494212e-05 -2.067104973319260327e-05 -6.630846057516889784e-06 6.851880257501763949e-06 3.988712760902188497e-06 1.801927995296744261e-05 2.789424813032528478e-05 -1.904068187095553160e-04 -7.136433903769154969e-04 1.818954152684972879e-06 4.034670596001809422e-06 1.050522088970164110e-05 1.402648893402286414e-05 1.316082092343356487e-05 3.583610919836256774e-06 1.954309600890929331e-06 1.747832487420303066e-05 2.346269369296005196e-05 3.777369074361394441e-05 3.748382855636965007e-04 3.840660756772878602e-04 3.971787997052528491e-04 3.969867583662779753e-04 4.179355255342413170e-04 6.270343841146015090e-04 9.713313284379948738e-04 7.760363717819501912e-04 6.402050793275808815e-04 6.418938146525067371e-04
-1.368005714237199594e-03 -1.021301494285044005e-04 -1.210633211603117862e-02 5.235942099435312741e-06 1.478347308888995951e-04 -1.513885459022956185e-05 -1.945449187162565124e-05 -2.146592015083067102e-05 -2.157292140234406402e-05 -2.176514862227524905e-05 -1.752779827525664073e-05 2.087321046148903113e-06 2.000321816764833989e-05 1.878255045479738878e-05 2.867795428885548369e-05 -2.147530949075520952e-04 -1.067105113758525653e-03 2.791280337426951188e-06 5.408677043244348924e-06 9.109687812632457100e-06 1.037548350491238186e-05 1.600452111867578362e-05 1.667523303624685675e-05 7.360768989740233905e-06 9.007578796746115439e-06 2.773872238786042122e-05 4.193999609759802016e-05 4.174561952181678258e-04 4.191035443506469036e-04 4.511249323952588332e-04 4.630659152147943844e-04 4.579213873412604882e-04 4.934190428374417509e-04 7.760363717819501912e-04 1.419424120594859695e-03 1.028035291130973772e-03 5.472042713414477112e-04
-1.913256149875718288e-03 -1.572736112372381887e-04 -7.968249064230083223e-03 4.597710306625149225e-06 1.668464914882913171e-04 -1.618387131703599572e-05 -2.049456947094269245e-05 -2.457123742378475000e-05 -2.428422373474642434e-05 -2.284218621531259168e-05 -2.321813401334287992e-05 -9.179327096002095105e-06 6.228894579643323761e-06 5.512113756903282852e-05 1.254789589318046290e-05 -2.775938311021900222e-04 -1.833959482367465872e-03 8.104916509191184402e-06 2.509352601854456733e-06 6.754879182486149886e-06 7.337325167434305512e-06 1.062786626676805872e-05 1.770791425601083138e-05 1.431867071005703715e-05 1.660776202814091446e-05 1.271645399386403587e-05 5.111040686347817410e-05 4.550290132687888150e-04 4.726733596669729139e-04 5.085799679179850170e-04 5.247066791176116475e-04 5.536267960249985094e-04 5.827579204006837731e-04 6.402050793275808815e-04 1.028035291130973772e-03 2.973837326403300663e-03 1.524282731245867528e-03
-2.765538413995533712e-03 -3.279366626514156990e-04 -1.753117608428416156e-03 -1.547088922779854832e-05 1.833120099528890269e-04 -7.443839483262433638e-06 -2.338186483858520177e-05 -3.183353016943220521e-05 -3.124648799351570556e-05 -3.073282670328683744e-05 -1.357231457424634956e-05 -5.054052558387376633e-06 2.765408674293207806e-06 1.354592474630418813e-05 3.568348274941543133e-05 -1.453956180940614335e-04 9.955551788117420701e-04 -1.688125232295191013e-05 8.845920056882794884e-06 1.298032806590157223e-05 1.168814151922111150e-05 9.154861966014732973e-06 -6.720296574785431117e-06 -4.236318272375747836e-06 1.311861031902373928e-06 9.325539440690787382e-06 3.183123991024343260e-05 4.867756865124179318e-04 4.678966736093181531e-04 4.779481327905398067e-04 5.335513436501760796e-04 5.638713812608639941e-04 5.560644039916086065e-04 6.418938146525067371e-04 5.472042713414477112e-04 1.524282731245867528e-03 2.243891937827185296e-02
