# As_1e9 ns H0 omegab omegam LSST_DZ_S1 LSST_DZ_S2 LSST_DZ_S3 LSST_DZ_S4 LSST_DZ_S5 LSST_DZ_S6 LSST_DZ_S7 LSST_DZ_S8 LSST_DZ_S9 LSST_DZ_S10 LSST_A1_1 LSST_A1_2 LSST_M1 LSST_M2 LSST_M3 LSST_M4 LSST_M5 LSST_M6 LSST_M7 LSST_M8 LSST_M9 LSST_M10 LSST_B1_1 LSST_B1_2 LSST_B1_3 LSST_B1_4 LSST_B1_5 LSST_B1_6 LSST_B1_7 LSST_B1_8 LSST_B1_9 LSST_B1_10
1.218090935955356592e-02 1.337029069216638709e-03 -1.600683653432474762e-01 -2.501769872334602896e-05 -2.129822285378299245e-04 1.739320308504260898e-05 2.772194431899381752e-05 1.270609991849281659e-05 1.610094273362202731e-05 1.732626489735844620e-05 1.512996948655341198e-05 -2.761367358294912634e-07 -9.989749685237896791e-06 -7.070246464972986398e-06 -1.905567087288907092e-05 -8.793333224776899695e-05 -1.466356612382146551e-03 -1.176232817569334840e-05 -3.003989144920500310e-05 4.080710330953558084e-06 5.466714804726555874e-07 -9.004902366365207010e-06 -1.735075388058561439e-05 -1.525646077388518867e-05 -2.412748176593226696e-05 -4.440867079255474777e-05 -7.095392448980477479e-05 -6.266222649764062328e-04 -6.847590779073597705e-04 -8.340124708130858613e-04 -8.833738205380585202e-04 -1.024975857360239896e-03 -1.151226138845308717e-03 -1.246060705714775252e-03 -1.532601051748257778e-03 -2.133150122041800167e-03 -3.372892751432222166e-03
1.337029069216638709e-03 2.311437078444389392e-04 -2.156104614217746809e-02 3.019719719342188741e-06 -8.614619114442110704e-06 -2.997606879873074943e-06 -1.121132809655164586e-06 -1.696062966213587690e-06 -7.669092847269505949e-07 1.983441726970267287e-07 2.381715824405262610e-07 -7.020449484744097146e-07 -3.537353860172741067e-07 1.014141529301976075e-06 1.471477325208195857e-06 2.055511866424551237e-05 -4.934482345985186129e-05 -1.342917195429457880e-06 -2.967186606500158191e-06 1.197311915842215531e-06 1.868242561149327969e-06 1.933295610721226681e-06 2.926358326285023062e-06 4.450947248427037906e-06 4.551526871189714336e-06 4.089700336713551085e-06 4.289066916894709038e-06 -1.738074978833825844e-05 -7.266191354573723121e-06 -1.205472585940590482e-05 -7.899167243037142795e-06 -1.270994705093630287e-05 -1.559006878197479026e-05 -1.019746937291195596e-05 -3.032048056888768744e-05 -8.167758064643861559e-05 -2.170491116135556662e-04
-1.600683653432474762e-01 -2.156104614217747156e-02 4.410221966357442902e+00 1.668875612224585483e-03 -4.724078169832129741e-03 5.276968739149536652e-04 6.302341445930453520e-04 8.411304240604006643e-04 5.939540103435454093e-04 5.865294437563101483e-04 5.497323324197428158e-04 5.354117379912432710e-04 1.785609289664512875e-04 -1.792875316727911674e-04 -3.943560229226310818e-04 6.800077947345859603e-03 2.892669890108098482e-02 2.087458817881792663e-04 5.756540680776302179e-04 2.907420021291345176e-04 6.982432034294324547e-04 5.138226464419846191e-04 3.445041766813439058e-04 8.203756647458317086e-05 3.473134963242604855e-05 -1.509982158461797765e-04 -5.023371109670059275e-04 -9.554911834878936083e-03 -1.229241894468537447e-02 -1.119681701905037019e-02 -1.215099002069716314e-02 -1.128906584556765326e-02 -1.106982877838475279e-02 -1.239213395361541889e-02 -1.194040485140012917e-02 -9.856830471584332801e-03 -4.315894550478425670e-03
-2.501769872334602896e-05 3.019719719342188741e-06 1.668875612224585917e-03 4.897762016047637343e-06 1.943697760644142770e-06 -2.155784029789714600e-07 -3.307348951945788398e-07 -2.566047432479257575e-07 -4.154331948333848649e-07 -2.809128714731185418e-07 -3.225040924057637252e-07 -1.394293169436592155e-07 -8.850758506611220952e-08 -3.416903599028706989e-07 1.270377436798076230e-07 -9.628880981481220784e-07 -9.867980714414952898e-07 9.872221285391545417e-09 -4.820954970336488136e-08 -3.933902334965104930e-07 -6.216635641440320307e-08 -2.758637733081991962e-07 -1.846839450017953925e-07 -3.823138850978563378e-07 -3.511600102082046283e-07 -1.814590217802288158e-07 -1.767790788361617717e-07 4.690125692033034941e-06 4.496703949677672418e-06 5.447406400475842844e-06 4.373162214314235939e-06 5.812945191035904027e-06 5.682174866437482017e-06 4.729380457386010415e-06 2.901493125020675681e-06 -1.508517532266514581e-06 -2.239449652660583433e-05
-2.129822285378299245e-04 -8.614619114442110704e-06 -4.724078169832129741e-03 1.943697760644142770e-06 3.913237019504580533e-05 -3.253038394873172135e-06 -4.994451671934408544e-06 -5.016882268473024527e-06 -4.548864604443376546e-06 -4.633113144179319399e-06 -4.485760833948243232e-06 -3.089793177694595993e-06 -7.294573277367430769e-07 1.190112374221489974e-07 2.672832556454644928e-06 -2.892466183204655362e-05 -2.757298729941942095e-05 -3.306878630593081176e-08 -9.689097528340650439e-07 -3.412591974717320070e-06 -5.134049680302078315e-06 -4.324063448015140922e-06 -3.274441139784601312e-06 -3.033324667724789201e-06 -2.498784259109182841e-06 -2.572046685845516174e-07 2.781674119037619922e-06 8.807186834223481794e-05 1.012516737255262652e-04 1.068400187221517182e-04 1.114249721041828855e-04 1.189361523721706409e-04 1.261326637162169331e-04 1.349309259985977984e-04 1.491288558049524570e-04 1.749209460060931892e-04 2.086962462565904457e-04
1.739320308504260898e-05 -2.997606879873074943e-06 5.276968739149539905e-04 -2.155784029789714600e-07 -3.253038394873172135e-06 5.650467344788814321e-06 2.575896868780339530e-06 1.784096927157892200e-06 1.376618217832587004e-06 9.748237834002854848e-07 9.381622935338011006e-07 6.050466211353388777e-07 1.407069993825339891e-07 -9.001079289098880653e-08 -9.503290706505249580e-08 5.265936058800029386e-06 -1.470714644782381269e-04 -2.663783033423471142e-06 1.022853649928760489e-06 1.230699197549233396e-06 1.137193463419623083e-06 1.012974845406843897e-06 5.125926577362085488e-07 3.300922678076282114e-07 1.591738684429326301e-07 -1.932876384806459480e-07 -8.584440592110904138e-07 6.463161016862292509e-06 -7.342177187474325876e-06 -1.433397591926086317e-05 -1.422460259175888045e-05 -1.535619091054288109e-05 -1.508488417435880460e-05 -1.629678992248584883e-05 -1.523139430200325288e-05 -1.496273273780838831e-05 -4.114471123527228076e-05
2.772194431899381752e-05 -1.121132809655164586e-06 6.302341445930454604e-04 -3.307348951945788398e-07 -4.994451671934408544e-06 2.575896868780339530e-06 5.561869053826656226e-06 2.782622819274441349e-06 1.785649890766123966e-06 1.715992951476088539e-06 1.602481514283881371e-06 1.177617073437019399e-06 5.945083879008213590e-07 2.937262356021176831e-07 -1.041747569037574795e-07 8.233417212458134699e-06 -6.433450943969858072e-05 1.313572597692871918e-06 -5.853472278908106956e-06 -1.217281854902083532e-07 1.558340098758417368e-06 1.195982701960055409e-06 8.766262742248502086e-07 9.639173317975150549e-07 8.794286546809496603e-07 5.075704123778170845e-07 -8.345792305142831070e-08 -5.394807478589374652e-06 -9.312451263198390906e-07 -8.678520500098648249e-06 -1.808346255754541063e-05 -1.917934719198543823e-05 -1.782505058887522107e-05 -1.950740305324769335e-05 -2.347690990195308643e-05 -2.616461503716215555e-05 -3.226071952940585768e-05
1.270609991849282337e-05 -1.696062966213586843e-06 8.411304240604006643e-04 -2.566047432479257575e-07 -5.016882268473024527e-06 1.784096927157892200e-06 2.782622819274441349e-06 5.384508446815813225e-06 2.787462995595773024e-06 1.870676217155645224e-06 2.013227731965626834e-06 1.490451909521830422e-06 1.125262176900146212e-06 4.925044134244189509e-07 3.851119321709925454e-08 9.940804127040722815e-06 3.835350807187661537e-06 7.181557917118482871e-07 -2.902032210191009923e-07 -5.257823008945449182e-06 1.366737401181852432e-07 1.421779476660244999e-06 1.009338094273492677e-06 1.274088404317775504e-06 1.169900310259437801e-06 1.055157917684857473e-06 5.470473157781504473e-07 8.766620885694227894e-07 -9.892725478345674620e-06 -2.435724528133641751e-06 -7.437462616334301314e-06 -1.616451925374334876e-05 -1.896530774585850258e-05 -2.052603790810443021e-05 -2.113001919508653245e-05 -2.401779081106973925e-05 -1.300848137491312908e-05
1.610094273362202731e-05 -7.669092847269505949e-07 5.939540103435456261e-04 -4.154331948333848649e-07 -4.548864604443376546e-06 1.376618217832587004e-06 1.785649890766123966e-06 2.787462995595773871e-06 5.478742544805723905e-06 3.309424466388748787e-06 2.041564869312602597e-06 1.720287699603720852e-06 1.120487285713249223e-06 9.338748829383818623e-07 1.184647223842923959e-07 1.033078698365922218e-05 4.278384852885499514e-05 1.341555006818322071e-07 6.779228130514539279e-07 -3.737156509686134463e-07 -4.213058837518064009e-06 -4.780796089181460856e-07 1.150642842622242921e-06 1.249713308186222596e-06 1.388043478518573314e-06 1.122079095811095350e-06 8.300677274996853101e-07 -1.815228888290404160e-06 -1.504247072068985122e-06 -7.256055700839038331e-06 -2.572806638285231888e-06 -5.869018152300121390e-06 -1.676512618862704867e-05 -2.007957097447097313e-05 -2.137083139360404065e-05 -2.275730809845306028e-05 -1.819708596880987588e-05
1.732626489735844620e-05 1.983441726970267287e-07 5.865294437563101483e-04 -2.809128714731185418e-07 -4.633113144179319399e-06 9.748237834002854848e-07 1.715992951476088539e-06 1.870676217155645224e-06 3.309424466388748787e-06 6.489792370870673804e-06 3.629284419827981528e-06 1.802549814551100564e-06 1.535992460984910808e-06 1.128708095774013544e-06 1.346612474866698604e-07 9.461025366980271688e-06 6.729417064014232570e-05 -6.202040555134951694e-08 2.597932113188397451e-07 1.123070226987887839e-06 -4.063392595753553711e-07 -4.184237180761807330e-06 -2.109206000757951267e-08 1.768048220477933531e-06 1.724288659542148305e-06 1.646797389255596223e-06 1.443968291641197297e-06 -3.217979198184040006e-06 -3.016498959753960518e-06 -2.797736856548099126e-06 -8.428923113955893811e-06 -2.736684748565661026e-07 -3.150750220628363581e-06 -1.682221855977777502e-05 -2.354033668340543056e-05 -2.455581537898387631e-05 -2.508224202192137876e-05
1.512996948655341198e-05 2.381715824405262610e-07 5.497323324197433579e-04 -3.225040924057637252e-07 -4.485760833948243232e-06 9.381622935338011006e-07 1.602481514283881371e-06 2.013227731965626834e-06 2.041564869312602597e-06 3.629284419827981528e-06 7.935467266036833368e-06 3.527439445751817694e-06 1.615001142781983261e-06 1.515499985315073582e-06 5.538975104265855623e-07 8.262180236394006005e-06 5.542151313392355946e-05 -1.623563185681067085e-07 4.018189074626129600e-07 6.790304119521998912e-07 1.468818595591720096e-06 -1.991655315133043393e-07 -4.419876254358846639e-06 5.831444157996380066e-07 1.927994611929594988e-06 1.707174317752563835e-06 1.531107117833306488e-06 -4.696957586273186943e-06 -3.877185061872677540e-06 -7.227324022768547224e-07 -2.857233259140496494e-06 -8.695377238989255303e-06 1.330886961550005666e-06 -3.423801927608446261e-06 -1.967308866650615377e-05 -2.090034055872779060e-05 -2.044333895996811628e-05
-2.761367358294912634e-07 -7.020449484744097146e-07 5.354117379912438131e-04 -1.394293169436592155e-07 -3.089793177694595993e-06 6.050466211353388777e-07 1.177617073437019399e-06 1.490451909521829998e-06 1.720287699603720852e-06 1.802549814551100564e-06 3.527439445751817694e-06 9.631233278822767165e-06 3.019894602850120160e-06 1.885798290681671313e-06 8.711460253376332575e-07 3.772931032538658567e-06 5.076506636616543117e-05 -3.399059724181540445e-07 2.404081291562171442e-08 6.411058986915204485e-07 1.057633552841327964e-06 1.365688957135301837e-06 -1.587495846966115841e-07 -4.856334021405277364e-06 8.419736216876949005e-07 1.569372654335977388e-06 1.572437241349512755e-06 -2.869734026840064621e-06 -6.062278833122695417e-07 2.199369575812864830e-06 1.648581723121218104e-06 8.772156054521939467e-07 -2.650413934025331795e-06 1.119050530942375739e-05 1.650873587516024489e-06 -1.441573729318125019e-05 -1.634945337582816431e-05
-9.989749685237898485e-06 -3.537353860172721480e-07 1.785609289664512875e-04 -8.850758506611213011e-08 -7.294573277367430769e-07 1.407069993825340421e-07 5.945083879008214649e-07 1.125262176900146212e-06 1.120487285713248800e-06 1.535992460984910808e-06 1.615001142781984320e-06 3.019894602850120160e-06 1.286267747556774779e-05 2.881103169003809734e-06 1.304561141828704782e-06 9.672009731088410480e-07 4.871285126453367328e-05 -5.522589033529225121e-07 -1.298507993247298810e-07 -1.425336241437715181e-07 7.242467179262487846e-07 5.909661060893645303e-07 1.006493676366831284e-06 1.015068794154492605e-07 -5.776094947246954197e-06 8.502244644565802388e-07 1.352861757549962690e-06 1.728568011197933346e-06 3.712918973242317661e-06 7.211450190711588415e-06 8.087538820028836249e-06 8.512396220224835013e-06 6.727699324748227891e-06 5.880654892456752072e-06 2.721139142356063497e-05 1.148654007507464631e-05 3.174294002210732681e-07
-7.070246464972986398e-06 1.014141529301976075e-06 -1.792875316727908150e-04 -3.416903599028706989e-07 1.190112374221489974e-07 -9.001079289098880653e-08 2.937262356021176831e-07 4.925044134244191627e-07 9.338748829383818623e-07 1.128708095774013544e-06 1.515499985315073582e-06 1.885798290681671313e-06 2.881103169003810158e-06 1.616112008596136382e-05 2.655144992584994776e-06 -4.870179730028979887e-06 -1.443165477870223552e-05 -3.471652075259146393e-07 -1.645020711907465447e-07 -4.146043761685170978e-08 -7.566924254801531367e-08 3.369838402378726832e-07 4.237864604404302739e-07 5.901638842848031215e-07 2.783229139167029943e-07 -4.866256924213641528e-06 9.759980539088774525e-07 2.875480696180202131e-06 6.400654291019838225e-06 5.577389541658836016e-06 6.838288529714915741e-06 9.198605471374093320e-06 1.206485452413507813e-05 1.361772895173797127e-05 1.367977193416046015e-05 5.526729626301975018e-05 2.065395741373630408e-05
-1.905567087288907092e-05 1.471477325208195857e-06 -3.943560229226310818e-04 1.270377436798076230e-07 2.672832556454644928e-06 -9.503290706505249580e-08 -1.041747569037574795e-07 3.851119321709925454e-08 1.184647223842923959e-07 1.346612474866698604e-07 5.538975104265855623e-07 8.711460253376332575e-07 1.304561141828704782e-06 2.655144992584994776e-06 2.187175412735539861e-05 -1.111206348134508701e-05 -8.868966509604477098e-05 4.423494444064230264e-08 -1.962426372098484149e-07 -3.126076954683440458e-07 -2.946130658293221401e-07 1.416565681856582967e-07 4.495732171601249295e-09 5.796793564992818435e-08 2.120859212802823704e-07 5.329628953923651253e-08 -4.026788342059150417e-06 8.281845856520469093e-06 8.180772130598600728e-06 1.044903134028991567e-05 1.125659023294206588e-05 1.306037280184455902e-05 1.461872891464557629e-05 2.181039949126447710e-05 2.004194850767882598e-05 6.556598017499184409e-06 4.154073272580391244e-05
-8.793333224776899695e-05 2.055511866424551237e-05 6.800077947345859603e-03 -9.628880981481220784e-07 -2.892466183204655362e-05 5.265936058800029386e-06 8.233417212458134699e-06 9.940804127040726203e-06 1.033078698365922218e-05 9.461025366980271688e-06 8.262180236394006005e-06 3.772931032538658567e-06 9.672009731088408363e-07 -4.870179730028979887e-06 -1.111206348134508701e-05 4.509052537456802092e-04 1.864131052924863701e-03 8.937692902435258761e-06 4.402378918176379739e-06 -1.720266543001137768e-07 -3.860375044039403996e-06 -4.805857030445409941e-06 -5.885996808552239561e-06 -3.690840257672143209e-06 -4.103953610234277532e-06 -3.928100177212615258e-06 -3.759961560497599141e-06 -2.810914416143410390e-05 -3.984738955222193456e-05 -5.433602821232202138e-05 -6.849643575547865971e-05 -8.124332392189518768e-05 -8.564885856433333377e-05 -9.795822745311150723e-05 -1.467989270467053649e-04 -2.194114161684691561e-04 1.739246575383883182e-04
-1.466356612382146551e-03 -4.934482345985186129e-05 2.892669890108096400e-02 -9.867980714414952898e-07 -2.757298729941942095e-05 -1.470714644782381269e-04 -6.433450943969858072e-05 3.835350807187652220e-06 4.278384852885499514e-05 6.729417064014232570e-05 5.542151313392355946e-05 5.076506636616543117e-05 4.871285126453367328e-05 -1.443165477870223552e-05 -8.868966509604477098e-05 1.864131052924863701e-03 4.610138289187971916e-02 -1.962845783419129274e-04 -2.964271534621652570e-05 7.922342892327704020e-06 5.594897570387981402e-07 -1.254791977688075113e-05 7.954931217808143028e-06 1.012317880015646274e-06 -5.986806529006737380e-08 1.075039909002422207e-05 2.654600106205810844e-05 -3.886714591448000807e-04 -1.083905918909445928e-04 1.745983810554412269e-04 5.558955933577969136e-05 -3.746700112104808426e-05 -2.636565179919825568e-04 -5.203270687139402526e-04 -1.132160252276429892e-03 -2.037255722095186999e-03 3.757272801540430252e-03
-1.176232817569334332e-05 -1.342917195429456610e-06 2.087458817881792663e-04 9.872221285391515638e-09 -3.306878630593081176e-08 -2.663783033423470719e-06 1.313572597692871707e-06 7.181557917118482871e-07 1.341555006818320482e-07 -6.202040555134951694e-08 -1.623563185681066821e-07 -3.399059724181540445e-07 -5.522589033529225121e-07 -3.471652075259144275e-07 4.423494444064230264e-08 8.937692902435257067e-06 -1.962845783419129545e-04 9.036122639440183964e-05 2.243944865889771510e-06 1.540471684722076844e-06 1.522984495425088193e-06 1.006587257438759114e-06 5.992849615017054497e-07 6.492052732253313375e-07 4.112373095491222492e-07 1.281379903367297119e-07 -6.556300357467908560e-08 -1.656110275500300916e-05 1.078175992157632610e-08 6.007492561232557225e-06 1.966680319089455598e-06 1.194372970073728230e-06 2.618354037157298912e-06 3.813574240688199814e-06 2.240737714687839674e-06 2.662883121163044550e-06 9.218148139673851258e-06
-3.003989144920500310e-05 -2.967186606500158191e-06 5.756540680776302179e-04 -4.820954970336488136e-08 -9.689097528340650439e-07 1.022853649928760489e-06 -5.853472278908106956e-06 -2.902032210191009394e-07 6.779228130514539279e-07 2.597932113188397451e-07 4.018189074626129600e-07 2.404081291562171442e-08 -1.298507993247298810e-07 -1.645020711907465447e-07 -1.962426372098484149e-07 4.402378918176379739e-06 -2.964271534621652570e-05 2.243944865889771934e-06 6.653862806896310861e-05 5.705946471197957093e-06 3.677337438906514562e-06 3.948204146483379847e-06 3.676125929966928958e-06 3.523781812353836288e-06 3.377978102311056830e-06 3.061969583098298555e-06 2.695775434183613155e-06 1.839987168102620369e-06 -2.305697412717605275e-05 -9.150583849468312941e-06 9.205896871404368876e-06 7.784900140853219543e-06 3.768195673528930631e-06 2.128180403410002879e-06 4.135175270421874178e-06 6.251855046784306772e-06 -4.445943455722036135e-06
4.080710330953558084e-06 1.197311915842215531e-06 2.907420021291345176e-04 -3.933902334965104930e-07 -3.412591974717320070e-06 1.230699197549233396e-06 -1.217281854902083532e-07 -5.257823008945449182e-06 -3.737156509686134463e-07 1.123070226987887839e-06 6.790304119521998912e-07 6.411058986915204485e-07 -1.425336241437715181e-07 -4.146043761685170978e-08 -3.126076954683440458e-07 -1.720266543001137768e-07 7.922342892327704020e-06 1.540471684722076844e-06 5.705946471197957093e-06 4.720521530245444649e-05 8.043495823148720281e-06 5.672089433161865850e-06 6.332145675336034587e-06 6.081455029448401828e-06 6.308676670971715051e-06 5.759765384744532752e-06 5.311311469355286560e-06 -1.094489070152561789e-05 4.030032332236284213e-07 -1.870152618409536206e-05 -1.149069250905606403e-05 3.263797034306915642e-06 5.726121266167344877e-06 4.455389010074889032e-06 -9.189344166672486311e-07 -5.397708980767910723e-06 -4.054980929232997644e-05
5.466714804726555874e-07 1.868242561149327969e-06 6.982432034294325631e-04 -6.216635641440320307e-08 -5.134049680302078315e-06 1.137193463419623083e-06 1.558340098758417368e-06 1.366737401181853491e-07 -4.213058837518064009e-06 -4.063392595753553711e-07 1.468818595591720096e-06 1.057633552841327964e-06 7.242467179262487846e-07 -7.566924254801531367e-08 -2.946130658293221401e-07 -3.860375044039403996e-06 5.594897570387981402e-07 1.522984495425087769e-06 3.677337438906514562e-06 8.043495823148720281e-06 3.591234522250390834e-05 1.002765154655783465e-05 7.755858699066894361e-06 8.266640585772420274e-06 8.257043731778930884e-06 8.174667911207656072e-06 7.561633893536775547e-06 -3.186052116632179465e-06 -9.126509945715856093e-06 -2.620091217498183618e-06 -1.430669766863257540e-05 -1.148389989820086848e-05 3.359052431995066013e-06 5.081000680554051094e-06 -1.854263739430284736e-07 -7.804002766914922031e-06 -2.113860446180374736e-05
-9.004902366365207010e-06 1.933295610721226681e-06 5.138226464419845107e-04 -2.758637733081991962e-07 -4.324063448015140922e-06 1.012974845406843897e-06 1.195982701960055409e-06 1.421779476660244999e-06 -4.780796089181460856e-07 -4.184237180761807330e-06 -1.991655315133043393e-07 1.365688957135301837e-06 5.909661060893644244e-07 3.369838402378725773e-07 1.416565681856582967e-07 -4.805857030445409941e-06 -1.254791977688075113e-05 1.006587257438759114e-06 3.948204146483379847e-06 5.672089433161865850e-06 1.002765154655783465e-05 2.980079229390511747e-05 1.002821271572015973e-05 8.638994221073927236e-06 9.099781637793198798e-06 9.022578413582680063e-06 8.579015617977265689e-06 2.996283182623796768e-06 4.038556374326539144e-07 -5.110537648267644636e-07 3.306925502403874648e-06 -1.069539242504975309e-05 -9.949149407136143958e-06 6.521768341634677767e-06 1.002182712078146374e-05 3.862429078104597863e-06 -8.565205201240265641e-07
-1.735075388058562456e-05 2.926358326285022215e-06 3.445041766813439058e-04 -1.846839450017953925e-07 -3.274441139784601312e-06 5.125926577362084429e-07 8.766262742248499968e-07 1.009338094273492677e-06 1.150642842622242921e-06 -2.109206000757951267e-08 -4.419876254358847486e-06 -1.587495846966118487e-07 1.006493676366831284e-06 4.237864604404304856e-07 4.495732171601249295e-09 -5.885996808552241255e-06 7.954931217808137946e-06 5.992849615017054497e-07 3.676125929966928958e-06 6.332145675336034587e-06 7.755858699066894361e-06 1.002821271572015973e-05 2.587521988532957465e-05 1.068441110669937222e-05 9.839520682153968400e-06 1.012670293702250982e-05 9.989845828212337881e-06 9.011759898694110318e-06 8.173814458678349009e-06 5.318721601597237327e-06 5.856250993577126476e-06 9.778908118146143356e-06 -4.898273466898520123e-06 -1.055264003490665490e-06 1.241315362078923894e-05 7.662828915031495751e-06 2.104947129881824111e-06
-1.525646077388518867e-05 4.450947248427037906e-06 8.203756647458322507e-05 -3.823138850978563378e-07 -3.033324667724789201e-06 3.300922678076282114e-07 9.639173317975150549e-07 1.274088404317775716e-06 1.249713308186222596e-06 1.768048220477933531e-06 5.831444157996380066e-07 -4.856334021405277364e-06 1.015068794154492605e-07 5.901638842848031215e-07 5.796793564992818435e-08 -3.690840257672143209e-06 1.012317880015646274e-06 6.492052732253313375e-07 3.523781812353836288e-06 6.081455029448401828e-06 8.266640585772420274e-06 8.638994221073927236e-06 1.068441110669937222e-05 2.390061840004523681e-05 1.157122586428620912e-05 1.126582178318383465e-05 1.132497165928929541e-05 1.202273395995879317e-05 1.189558907288972620e-05 1.123559154451971938e-05 1.090118390306225742e-05 1.039959634513977156e-05 9.934357413380065919e-06 -2.649816182116322255e-06 2.951739698166850935e-06 1.345297202051861575e-05 1.223058211080514204e-05
-2.412748176593226696e-05 4.551526871189714336e-06 3.473134963242604855e-05 -3.511600102082046283e-07 -2.498784259109182841e-06 1.591738684429326301e-07 8.794286546809496603e-07 1.169900310259437801e-06 1.388043478518573314e-06 1.724288659542148305e-06 1.927994611929594988e-06 8.419736216876949005e-07 -5.776094947246954197e-06 2.783229139167029943e-07 2.120859212802823704e-07 -4.103953610234277532e-06 -5.986806529006737380e-08 4.112373095491223021e-07 3.377978102311056830e-06 6.308676670971715051e-06 8.257043731778930884e-06 9.099781637793198798e-06 9.839520682153968400e-06 1.157122586428620912e-05 2.230172414579582990e-05 1.234796622663693772e-05 1.238934715871126402e-05 1.391702222291061574e-05 1.623507091904560242e-05 1.680976759139329036e-05 1.639332448570750630e-05 1.592089358085631591e-05 1.481707779302737801e-05 1.588637729566785961e-05 1.575552355280644425e-07 8.569622050670537772e-06 1.201650386533700815e-05
-4.440867079255474777e-05 4.089700336713551085e-06 -1.509982158461796952e-04 -1.814590217802288158e-07 -2.572046685845516174e-07 -1.932876384806459480e-07 5.075704123778170845e-07 1.055157917684857473e-06 1.122079095811095350e-06 1.646797389255596223e-06 1.707174317752563835e-06 1.569372654335977388e-06 8.502244644565801329e-07 -4.866256924213641528e-06 5.329628953923651253e-08 -3.928100177212615258e-06 1.075039909002422207e-05 1.281379903367300825e-07 3.061969583098298555e-06 5.759765384744532752e-06 8.174667911207656072e-06 9.022578413582680063e-06 1.012670293702250982e-05 1.126582178318383465e-05 1.234796622663693772e-05 1.989734518435790325e-05 1.343308725369564741e-05 2.005914273641028916e-05 2.355142722180441692e-05 2.700390079016926135e-05 2.798053795116264657e-05 2.802737221410377482e-05 2.509725025377806509e-05 2.632316083762955295e-05 2.652379932211476696e-05 8.412045982030180028e-06 1.982990866366673294e-05
-7.095392448980477479e-05 4.289066916894709038e-06 -5.023371109670058191e-04 -1.767790788361617717e-07 2.781674119037619922e-06 -8.584440592110904138e-07 -8.345792305142831070e-08 5.470473157781503414e-07 8.300677274996853101e-07 1.443968291641197297e-06 1.531107117833306488e-06 1.572437241349512755e-06 1.352861757549962690e-06 9.759980539088774525e-07 -4.026788342059150417e-06 -3.759961560497599141e-06 2.654600106205810844e-05 -6.556300357467923118e-08 2.695775434183613155e-06 5.311311469355286560e-06 7.561633893536775547e-06 8.579015617977265689e-06 9.989845828212341270e-06 1.132497165928929541e-05 1.238934715871126402e-05 1.343308725369564741e-05 1.869738952574991970e-05 2.731579940405084422e-05 3.396314860837066528e-05 3.757850172245847899e-05 3.968162967982482404e-05 4.180189979592496564e-05 4.150533988557963169e-05 4.323854424874338479e-05 4.520741998529020044e-05 5.343580635836072469e-05 5.383638426550190945e-05
-6.266222649764062328e-04 -1.738074978833825844e-05 -9.554911834878934349e-03 4.690125692033034941e-06 8.807186834223481794e-05 6.463161016862292509e-06 -5.394807478589374652e-06 8.766620885694232129e-07 -1.815228888290404160e-06 -3.217979198184040006e-06 -4.696957586273186943e-06 -2.869734026840064621e-06 1.728568011197931864e-06 2.875480696180202131e-06 8.281845856520469093e-06 -2.810914416143410390e-05 -3.886714591448000807e-04 -1.656110275500301255e-05 1.839987168102620369e-06 -1.094489070152561789e-05 -3.186052116632179465e-06 2.996283182623796768e-06 9.011759898694112012e-06 1.202273395995879317e-05 1.391702222291061574e-05 2.005914273641028916e-05 2.731579940405084422e-05 5.482625435425629449e-04 2.683509978018208675e-04 2.246952956761822306e-04 2.780614080354455665e-04 3.069419910824393977e-04 3.232755934358338772e-04 3.445831576270416046e-04 3.996899768243654828e-04 4.933045405634549655e-04 5.534658611100224269e-04
-6.847590779073597705e-04 -7.266191354573723121e-06 -1.229241894468536926e-02 4.496703949677672418e-06 1.012516737255262652e-04 -7.342177187474325876e-06 -9.312451263198390906e-07 -9.892725478345674620e-06 -1.504247072068985122e-06 -3.016498959753960518e-06 -3.877185061872677540e-06 -6.062278833122695417e-07 3.712918973242317661e-06 6.400654291019838225e-06 8.180772130598600728e-06 -3.984738955222193456e-05 -1.083905918909445928e-04 1.078175992157626654e-08 -2.305697412717605275e-05 4.030032332236284213e-07 -9.126509945715856093e-06 4.038556374326539144e-07 8.173814458678345621e-06 1.189558907288972620e-05 1.623507091904560242e-05 2.355142722180441692e-05 3.396314860837066528e-05 2.683509978018208675e-04 6.050951780346223562e-04 4.212860283951653877e-04 3.078415954792778080e-04 3.410479856040644301e-04 3.712495858685245205e-04 4.124473376163354183e-04 4.546781544536382738e-04 4.880956847781759713e-04 5.841926521193060171e-04
-8.340124708130858613e-04 -1.205472585940590482e-05 -1.119681701905037019e-02 5.447406400475842844e-06 1.068400187221517182e-04 -1.433397591926086317e-05 -8.678520500098648249e-06 -2.435724528133640904e-06 -7.256055700839038331e-06 -2.797736856548099126e-06 -7.227324022768547224e-07 2.199369575812864830e-06 7.211450190711585026e-06 5.577389541658836016e-06 1.044903134028991567e-05 -5.433602821232202138e-05 1.745983810554412269e-04 6.007492561232557225e-06 -9.150583849468312941e-06 -1.870152618409536206e-05 -2.620091217498183618e-06 -5.110537648267644636e-07 5.318721601597239868e-06 1.123559154451971938e-05 1.680976759139329036e-05 2.700390079016926135e-05 3.757850172245847899e-05 2.246952956761822306e-04 4.212860283951653877e-04 6.546359797785690233e-04 4.645907756089159824e-04 3.691934141846021163e-04 3.673079464304587825e-04 4.263758331434111364e-04 4.793892729116904124e-04 5.564463774220433168e-04 6.655980457693942351e-04
-8.833738205380585202e-04 -7.899167243037142795e-06 -1.215099002069716660e-02 4.373162214314235939e-06 1.114249721041828855e-04 -1.422460259175888045e-05 -1.808346255754541063e-05 -7.437462616334303008e-06 -2.572806638285231888e-06 -8.428923113955893811e-06 -2.857233259140496494e-06 1.648581723121218104e-06 8.087538820028839637e-06 6.838288529714915741e-06 1.125659023294206588e-05 -6.849643575547865971e-05 5.558955933577969136e-05 1.966680319089454751e-06 9.205896871404368876e-06 -1.149069250905606403e-05 -1.430669766863257540e-05 3.306925502403874648e-06 5.856250993577128170e-06 1.090118390306225742e-05 1.639332448570750630e-05 2.798053795116264657e-05 3.968162967982482404e-05 2.780614080354455665e-04 3.078415954792778080e-04 4.645907756089159824e-04 6.596588597020304088e-04 5.552286109897103814e-04 4.058641671188664094e-04 4.213673689611007324e-04 4.965195927656999766e-04 6.113562079721094429e-04 7.639800305423239193e-04
-1.024975857360239896e-03 -1.270994705093630287e-05 -1.128906584556765846e-02 5.812945191035904027e-06 1.189361523721706409e-04 -1.535619091054288109e-05 -1.917934719198543823e-05 -1.616451925374334876e-05 -5.869018152300121390e-06 -2.736684748565661026e-07 -8.695377238989255303e-06 8.772156054521939467e-07 8.512396220224833319e-06 9.198605471374093320e-06 1.306037280184455902e-05 -8.124332392189518768e-05 -3.746700112104808426e-05 1.194372970073729077e-06 7.784900140853219543e-06 3.263797034306915642e-06 -1.148389989820086848e-05 -1.069539242504975309e-05 9.778908118146146744e-06 1.039959634513977156e-05 1.592089358085631591e-05 2.802737221410377482e-05 4.180189979592496564e-05 3.069419910824393977e-04 3.410479856040644301e-04 3.691934141846021163e-04 5.552286109897103814e-04 7.855909375974007248e-04 6.588731216932229139e-04 4.849129358988564552e-04 5.054166696504171089e-04 6.501165261711059880e-04 7.701717602789950835e-04
-1.151226138845308717e-03 -1.559006878197479026e-05 -1.106982877838475106e-02 5.682174866437482017e-06 1.261326637162169331e-04 -1.508488417435880460e-05 -1.782505058887522107e-05 -1.896530774585850597e-05 -1.676512618862704867e-05 -3.150750220628363581e-06 1.330886961550005666e-06 -2.650413934025331795e-06 6.727699324748226197e-06 1.206485452413507813e-05 1.461872891464557629e-05 -8.564885856433333377e-05 -2.636565179919825568e-04 2.618354037157297641e-06 3.768195673528930631e-06 5.726121266167344877e-06 3.359052431995066013e-06 -9.949149407136143958e-06 -4.898273466898521817e-06 9.934357413380065919e-06 1.481707779302737801e-05 2.509725025377806509e-05 4.150533988557963169e-05 3.232755934358338772e-04 3.712495858685245205e-04 3.673079464304587825e-04 4.058641671188664094e-04 6.588731216932229139e-04 9.637386565705898965e-04 7.898121047977683159e-04 5.593609109847758531e-04 6.867825839890318680e-04 8.407189740021353032e-04
-1.246060705714775252e-03 -1.019746937291195596e-05 -1.239213395361541889e-02 4.729380457386010415e-06 1.349309259985977984e-04 -1.629678992248584883e-05 -1.950740305324769335e-05 -2.052603790810444376e-05 -2.007957097447097313e-05 -1.682221855977777502e-05 -3.423801927608446261e-06 1.119050530942375739e-05 5.880654892456752919e-06 1.361772895173797127e-05 2.181039949126447710e-05 -9.795822745311150723e-05 -5.203270687139402526e-04 3.813574240688201085e-06 2.128180403410002879e-06 4.455389010074889032e-06 5.081000680554051094e-06 6.521768341634677767e-06 -1.055264003490666972e-06 -2.649816182116322255e-06 1.588637729566785961e-05 2.632316083762955295e-05 4.323854424874338479e-05 3.445831576270416046e-04 4.124473376163354183e-04 4.263758331434111364e-04 4.213673689611007324e-04 4.849129358988564552e-04 7.898121047977683159e-04 1.297816804996000445e-03 9.997207766621813482e-04 6.906446455191228790e-04 9.119183688861562734e-04
-1.532601051748257778e-03 -3.032048056888768744e-05 -1.194040485140013090e-02 2.901493125020675681e-06 1.491288558049524570e-04 -1.523139430200325288e-05 -2.347690990195308643e-05 -2.113001919508653923e-05 -2.137083139360404065e-05 -2.354033668340543056e-05 -1.967308866650615377e-05 1.650873587516024489e-06 2.721139142356063158e-05 1.367977193416046015e-05 2.004194850767882598e-05 -1.467989270467053649e-04 -1.132160252276429892e-03 2.240737714687840098e-06 4.135175270421874178e-06 -9.189344166672486311e-07 -1.854263739430284736e-07 1.002182712078146374e-05 1.241315362078924064e-05 2.951739698166850935e-06 1.575552355280644425e-07 2.652379932211476696e-05 4.520741998529020044e-05 3.996899768243654828e-04 4.546781544536382738e-04 4.793892729116904124e-04 4.965195927656999766e-04 5.054166696504171089e-04 5.593609109847758531e-04 9.997207766621813482e-04 2.052685389789903753e-03 1.386583523697750139e-03 7.895509122873990270e-04
-2.133150122041800167e-03 -8.167758064643861559e-05 -9.856830471584336270e-03 -1.508517532266514581e-06 1.749209460060931892e-04 -1.496273273780838831e-05 -2.616461503716215555e-05 -2.401779081106973586e-05 -2.275730809845306028e-05 -2.455581537898387631e-05 -2.090034055872779060e-05 -1.441573729318125019e-05 1.148654007507464631e-05 5.526729626301975018e-05 6.556598017499184409e-06 -2.194114161684691561e-04 -2.037255722095186999e-03 2.662883121163045820e-06 6.251855046784306772e-06 -5.397708980767910723e-06 -7.804002766914922031e-06 3.862429078104597863e-06 7.662828915031499140e-06 1.345297202051861575e-05 8.569622050670537772e-06 8.412045982030180028e-06 5.343580635836072469e-05 4.933045405634549655e-04 4.880956847781759713e-04 5.564463774220433168e-04 6.113562079721094429e-04 6.501165261711059880e-04 6.867825839890318680e-04 6.906446455191228790e-04 1.386583523697750139e-03 4.693267753338326714e-03 2.265353135575529434e-03
-3.372892751432222166e-03 -2.170491116135556662e-04 -4.315894550478423936e-03 -2.239449652660583433e-05 2.086962462565904457e-04 -4.114471123527228076e-05 -3.226071952940585768e-05 -1.300848137491314263e-05 -1.819708596880987588e-05 -2.508224202192137876e-05 -2.044333895996811628e-05 -1.634945337582816431e-05 3.174294002210617802e-07 2.065395741373630408e-05 4.154073272580391244e-05 1.739246575383883182e-04 3.757272801540430252e-03 9.218148139673864810e-06 -4.445943455722036135e-06 -4.054980929232997644e-05 -2.113860446180374736e-05 -8.565205201240265641e-07 2.104947129881827076e-06 1.223058211080514204e-05 1.201650386533700815e-05 1.982990866366673294e-05 5.383638426550190945e-05 5.534658611100224269e-04 5.841926521193060171e-04 6.655980457693942351e-04 7.639800305423239193e-04 7.701717602789950835e-04 8.407189740021353032e-04 9.119183688861562734e-04 7.895509122873990270e-04 2.265353135575529434e-03 3.458188229149614795e-02
