# As_1e9 ns H0 omegab omegam LSST_DZ_S1 LSST_DZ_S2 LSST_DZ_S3 LSST_DZ_S4 LSST_DZ_S5 LSST_DZ_S6 LSST_DZ_S7 LSST_DZ_S8 LSST_DZ_S9 LSST_DZ_S10 LSST_A1_1 LSST_A1_2 LSST_M1 LSST_M2 LSST_M3 LSST_M4 LSST_M5 LSST_M6 LSST_M7 LSST_M8 LSST_M9 LSST_M10
2.047684848328024110e-02 1.565699273614318959e-03 -1.479964040082813459e-01 -2.918566428837364993e-05 -7.556771270453698387e-04 3.175723948828152230e-05 2.929095700437589787e-05 1.211299624277091987e-05 2.196648467257643892e-05 2.332474827919202911e-05 1.290223049853219185e-05 2.246214407376398618e-05 1.944122037371716797e-05 2.148006480826261388e-06 -3.003640881782542620e-05 -1.810474394917589800e-03 -1.588271278094969749e-02 2.161167033994772503e-05 2.166841009737729433e-05 5.657849173290968684e-05 4.123927181170475211e-05 2.636498408953284490e-05 8.054791983645693830e-06 -4.151716533409908187e-05 -9.095002045322213898e-05 -1.553356708953865164e-04 -2.886467960512797319e-04
1.565699273614318959e-03 3.230142427888658290e-04 -1.689393768318922864e-02 2.173727519509465015e-05 -1.836339132583474334e-05 6.088894631700512931e-07 9.279839106279415469e-07 3.947831879729832646e-07 1.039820519470115547e-06 9.848255734116031602e-07 -1.509196361716128369e-06 4.199247741314437612e-07 1.236708536090340085e-06 3.906826893619253880e-07 2.042215809895921330e-06 6.966496009615279683e-05 8.173025044319287520e-06 1.875227709531384523e-06 1.189946700717550281e-07 1.952640885013440852e-06 4.007260242362659097e-07 7.373902530611698924e-07 2.741059187271483983e-06 3.993118739385313637e-07 7.471079552398924272e-08 8.075610743325490969e-07 5.344337242779958537e-07
-1.479964040082813459e-01 -1.689393768318922864e-02 5.868451950145683327e+00 3.689866587849313043e-03 -9.254646840444403361e-03 1.033089971824540493e-04 2.367937244121444548e-04 4.527285611973916237e-04 2.535984148064128040e-04 2.401053588832420050e-04 3.281864238918208465e-04 3.104573950257961306e-04 1.755887858328781669e-04 1.750764412767298671e-04 -3.363311572831190264e-04 -7.316483767106260710e-05 -3.732701763966837782e-02 1.162365536220169940e-04 6.276280540544039400e-04 7.627104701000859141e-04 1.261914188385898942e-03 1.162532335024882594e-03 8.815078929247843666e-04 6.745729069090973182e-04 4.601818748875136631e-04 -1.334268464925976623e-04 -7.827734412121910854e-04
-2.918566428837364993e-05 2.173727519509465015e-05 3.689866587849313043e-03 2.187866702509886439e-05 1.773434602259149671e-05 -4.714697958522298881e-07 -5.380809990801583100e-07 -3.411674464320939298e-07 -5.333193161535215660e-07 -6.356905538968793978e-07 -4.771969352838431334e-07 -3.821084508114799707e-07 4.420887266972610259e-08 -6.088640938991043622e-08 3.227794446907853097e-07 3.780909792634622104e-07 1.030620821895139534e-04 -9.829184110595593030e-08 -1.077726480790404129e-06 -1.751663515934820708e-06 -1.631022344797809833e-06 -1.539819509908716850e-06 -1.263359039846108635e-06 -7.000779382147603240e-07 -3.784238445805981291e-08 1.172224834857716425e-06 2.896457623826920405e-06
-7.556771270453698387e-04 -1.836339132583474334e-05 -9.254646840444403361e-03 1.773434602259149671e-05 1.150862652046251493e-04 -3.131579918201622648e-06 -3.961656486307716513e-06 -3.735375399717730900e-06 -3.822927457152711816e-06 -4.021710430685199576e-06 -3.339581209540911947e-06 -3.820939363517895300e-06 -2.451544719023538476e-06 -1.506203003785267796e-06 3.211863813963227686e-06 1.022600824030248605e-04 1.299368653130558498e-03 -2.189247400687541445e-06 -6.078434885963922991e-06 -1.049087698193396822e-05 -1.200777158947595184e-05 -1.111217881764503234e-05 -8.963238329988553965e-06 -4.394447462403964648e-06 1.934846444228392385e-07 8.142043894155287734e-06 2.133526264975047461e-05
3.175723948828152230e-05 6.088894631700512931e-07 1.033089971824540493e-04 -4.714697958522298881e-07 -3.131579918201622648e-06 1.628217672897621819e-05 4.472385357170769340e-06 2.475853796689609740e-06 1.059340323266307809e-06 2.018465903267379194e-07 -3.785713428801511732e-07 -6.855890457360902825e-07 -7.867576049597706793e-07 -2.180149887089178128e-07 6.513433295602592097e-07 1.848036277860176820e-05 -8.040786079770373754e-04 -5.192184539355161713e-06 1.283565234562234181e-06 1.377313359272839263e-06 1.191412448097775540e-06 1.180314873347495062e-06 9.381732412927031340e-07 6.029547435385589358e-07 2.364947040854174885e-07 -4.526211758867807225e-07 -1.557700880621708996e-06
2.929095700437589787e-05 9.279839106279415469e-07 2.367937244121444548e-04 -5.380809990801583100e-07 -3.961656486307716513e-06 4.472385357170769340e-06 1.208181402298672089e-05 2.305166829541203893e-06 1.759693137058491278e-06 1.099547606999528226e-06 5.939879307644363250e-07 2.704050347532646357e-07 2.054016891595632580e-07 1.058469320920347450e-08 2.426557561874099447e-07 2.144564501093206460e-05 -2.908003387619219099e-04 1.640522854049203620e-06 -1.030203824562639477e-05 1.418717614028155602e-06 1.437251201717515149e-06 1.614224318253959170e-06 1.715382028661375974e-06 1.442284956094860914e-06 1.143252646991521826e-06 7.747212612945108277e-07 2.318603914098225071e-08
1.211299624277091987e-05 3.947831879729832646e-07 4.527285611973916237e-04 -3.411674464320939298e-07 -3.735375399717730900e-06 2.475853796689609740e-06 2.305166829541203893e-06 1.208776192164664100e-05 1.928079667699236127e-06 1.802832661497910446e-06 1.360319976874585195e-06 8.538181480678952596e-07 5.906062642015305980e-07 1.924019621993566677e-07 -1.488058936066393569e-07 2.269779549580624073e-05 -1.870347703902880673e-05 9.032526431299797969e-07 1.445103929803350507e-06 -1.193922333410527700e-05 1.653431688066018474e-06 1.662354075448147257e-06 1.935653096556208902e-06 2.026957200807411281e-06 1.877456358879786337e-06 1.743101396521846907e-06 1.228218582505062255e-06
2.196648467257643892e-05 1.039820519470115547e-06 2.535984148064128040e-04 -5.333193161535215660e-07 -3.822927457152711816e-06 1.059340323266307809e-06 1.759693137058491278e-06 1.928079667699236127e-06 1.317338757619832745e-05 1.847206002727559835e-06 1.860817277515081084e-06 1.272909662830878361e-06 8.227693522554566469e-07 1.451086145607551955e-07 -3.906462453801144573e-07 1.882441421378271384e-05 1.278882392419421676e-04 2.059847876122533570e-07 9.007441189002453174e-07 1.732377551779131519e-06 -1.231450387791060530e-05 1.559632426932716851e-06 1.676479526494311503e-06 1.971732321568378950e-06 2.073630088340374494e-06 1.969406252376440884e-06 1.533936854701328357e-06
2.332474827919202911e-05 9.848255734116031602e-07 2.401053588832420050e-04 -6.356905538968793978e-07 -4.021710430685199576e-06 2.018465903267379194e-07 1.099547606999528226e-06 1.802832661497910446e-06 1.847206002727559835e-06 1.359552938425206300e-05 1.972186085104725214e-06 1.786753392202122077e-06 1.539135694277503558e-06 5.785977149015406015e-07 -2.326373212005197180e-07 1.535818459790032795e-05 2.008825356955511697e-04 -2.016566653782659349e-08 7.159247649348478615e-07 1.018311638607817850e-06 1.788710507756287998e-06 -1.123729602711756908e-05 1.598983167009946379e-06 1.679310938281896411e-06 1.800555926906573397e-06 2.030898439577880456e-06 1.707125988127383980e-06
1.290223049853219185e-05 -1.509196361716128369e-06 3.281864238918208465e-04 -4.771969352838431334e-07 -3.339581209540911947e-06 -3.785713428801511732e-07 5.939879307644363250e-07 1.360319976874585195e-06 1.860817277515081084e-06 1.972186085104725214e-06 1.471835409547681391e-05 1.832496266489701761e-06 1.526805147769085240e-06 9.017132935660285228e-07 -1.513713910541334537e-07 9.614797437482127510e-06 2.200039530158843354e-04 -1.133735875525750099e-07 6.903222739910826426e-07 9.875307693353394831e-07 1.109561342073296608e-06 1.465667914845897365e-06 -1.054372758489419961e-05 1.575146625044427731e-06 1.753043202055890835e-06 1.856373357702518268e-06 1.721767424634734056e-06
2.246214407376398618e-05 4.199247741314437612e-07 3.104573950257961306e-04 -3.821084508114799707e-07 -3.820939363517895300e-06 -6.855890457360902825e-07 2.704050347532646357e-07 8.538181480678952596e-07 1.272909662830878361e-06 1.786753392202122077e-06 1.832496266489701761e-06 1.563071734738214616e-05 1.708461254148335463e-06 1.110923748551496999e-06 1.518702278476001406e-07 3.790832572285482056e-06 1.850370381530062100e-04 -1.761570307948466221e-07 7.533686783745833250e-07 9.676973068796124131e-07 1.298889725075713801e-06 1.234523049404941744e-06 1.508709003022873911e-06 -9.113528710579432614e-06 1.498037689036186221e-06 1.647004516826858463e-06 1.586982487639148095e-06
1.944122037371716797e-05 1.236708536090340085e-06 1.755887858328781669e-04 4.420887266972610259e-08 -2.451544719023538476e-06 -7.867576049597706793e-07 2.054016891595632580e-07 5.906062642015305980e-07 8.227693522554566469e-07 1.539135694277503558e-06 1.526805147769085240e-06 1.708461254148335463e-06 1.734778628076421382e-05 1.475734681476526158e-06 5.747505162316722467e-07 -4.697847277391389803e-06 1.293180966448170789e-04 -1.650672381587923085e-07 2.132403151876863282e-07 8.048842821684866720e-07 1.268120517167357377e-06 8.541617544460388448e-07 1.318777184903068845e-06 1.289619979510076100e-06 -8.080189606721904940e-06 1.379405752042384878e-06 1.489666645472473420e-06
2.148006480826261388e-06 3.906826893619253880e-07 1.750764412767298671e-04 -6.088640938991043622e-08 -1.506203003785267796e-06 -2.180149887089178128e-07 1.058469320920347450e-08 1.924019621993566677e-07 1.451086145607551955e-07 5.785977149015406015e-07 9.017132935660285228e-07 1.110923748551496999e-06 1.475734681476526158e-06 1.979904837481260023e-05 1.377849922388107110e-06 -1.522337723262758133e-05 -8.320981584018979362e-05 -4.705627277381393895e-08 2.337194229986019481e-07 7.140541628778368106e-07 9.891400066580705346e-07 8.415020453676118934e-07 1.019099714181138348e-06 1.199328338818467383e-06 1.090938794762220087e-06 -6.581957593080909912e-06 7.950144130668032555e-07
-3.003640881782542620e-05 2.042215809895920483e-06 -3.363311572831195685e-04 3.227794446907845156e-07 3.211863813963227263e-06 6.513433295602589979e-07 2.426557561874102623e-07 -1.488058936066395158e-07 -3.906462453801141397e-07 -2.326373212005198238e-07 -1.513713910541335596e-07 1.518702278476000083e-07 5.747505162316722467e-07 1.377849922388107110e-06 2.340150117032971193e-05 -1.653225158036293011e-05 -2.330703360638668284e-04 2.552636702873626996e-07 -4.404412558124528718e-07 1.464584116728550830e-07 3.949695121869291855e-07 5.091671253473774225e-07 6.607467472520810709e-07 7.466847342497959257e-07 8.028283040907870411e-07 7.731684661545250956e-07 -4.331300355525484897e-06
-1.810474394917589800e-03 6.966496009615279683e-05 -7.316483767106260710e-05 3.780909792634622104e-07 1.022600824030248605e-04 1.848036277860176820e-05 2.144564501093206460e-05 2.269779549580624073e-05 1.882441421378271384e-05 1.535818459790032795e-05 9.614797437482127510e-06 3.790832572285482056e-06 -4.697847277391389803e-06 -1.522337723262758133e-05 -1.653225158036293011e-05 1.764818717008346822e-03 9.316828070120089511e-03 -1.073284124155051622e-07 -7.346020914295056203e-06 -2.064135187621169532e-05 -2.503929878356454878e-05 -2.402602177622952160e-05 -1.839231723731781166e-05 -1.150478129252526954e-05 1.344263289233015284e-06 1.838036995374614537e-05 4.988786283731856008e-05
-1.588271278094969749e-02 8.173025044319287520e-06 -3.732701763966837782e-02 1.030620821895139534e-04 1.299368653130558498e-03 -8.040786079770373754e-04 -2.908003387619219099e-04 -1.870347703902880673e-05 1.278882392419421676e-04 2.008825356955511697e-04 2.200039530158843354e-04 1.850370381530062100e-04 1.293180966448170789e-04 -8.320981584018979362e-05 -2.330703360638668284e-04 9.316828070120089511e-03 2.086569907754285969e-01 -2.195064512740104920e-04 -6.293280913293589139e-05 -1.181545090247532908e-04 -1.518856935199570251e-04 -1.825494941059237685e-04 -1.528607942946333994e-04 -8.913192980899603036e-05 7.817522466881798651e-06 2.063384922421712610e-04 5.420448966007689875e-04
2.161167033994772842e-05 1.875227709531386217e-06 1.162365536220171701e-04 -9.829184110595578472e-08 -2.189247400687541869e-06 -5.192184539355161713e-06 1.640522854049204043e-06 9.032526431299802204e-07 2.059847876122534893e-07 -2.016566653782639166e-08 -1.133735875525749305e-07 -1.761570307948467015e-07 -1.650672381587923085e-07 -4.705627277381393895e-08 2.552636702873626996e-07 -1.073284124155051622e-07 -2.195064512740104920e-04 9.547039792000843220e-05 6.334835788703252823e-07 1.017037588207376263e-06 1.183576642005473483e-06 1.366553952164048266e-06 9.223860390421571682e-07 6.487411283981065836e-07 6.058520642097665033e-07 2.801569222387898575e-07 -2.577765166534863264e-07
2.166841009737729433e-05 1.189946700717550281e-07 6.276280540544039400e-04 -1.077726480790404129e-06 -6.078434885963922991e-06 1.283565234562234181e-06 -1.030203824562639477e-05 1.445103929803350507e-06 9.007441189002453174e-07 7.159247649348478615e-07 6.903222739910826426e-07 7.533686783745833250e-07 2.132403151876863282e-07 2.337194229986019481e-07 -4.404412558124528718e-07 -7.346020914295056203e-06 -6.293280913293589139e-05 6.334835788703252823e-07 8.348968948070584564e-05 2.410372590072871649e-06 3.170791622308030824e-06 2.988134416854180782e-06 2.602305733714904271e-06 2.285129073909882210e-06 1.931498548111655332e-06 1.480490048229095049e-06 6.488595762101202325e-07
5.657849173290968684e-05 1.952640885013440852e-06 7.627104701000859141e-04 -1.751663515934820708e-06 -1.049087698193396822e-05 1.377313359272839263e-06 1.418717614028155602e-06 -1.193922333410527700e-05 1.732377551779131519e-06 1.018311638607817850e-06 9.875307693353394831e-07 9.676973068796124131e-07 8.048842821684866720e-07 7.140541628778368106e-07 1.464584116728550830e-07 -2.064135187621169532e-05 -1.181545090247532908e-04 1.017037588207376263e-06 2.410372590072871649e-06 7.074123137292963760e-05 4.390901314046768149e-06 5.199412795822840492e-06 4.958782500267180774e-06 4.416319328681365360e-06 3.895048134232914885e-06 2.917724658351380090e-06 1.687207717322628135e-06
4.123927181170475889e-05 4.007260242362669156e-07 1.261914188385898508e-03 -1.631022344797809622e-06 -1.200777158947595353e-05 1.191412448097775116e-06 1.437251201717515149e-06 1.653431688066018898e-06 -1.231450387791060530e-05 1.788710507756288210e-06 1.109561342073296820e-06 1.298889725075714013e-06 1.268120517167357377e-06 9.891400066580705346e-07 3.949695121869291855e-07 -2.503929878356454878e-05 -1.518856935199570251e-04 1.183576642005473483e-06 3.170791622308030824e-06 4.390901314046768149e-06 5.970578914080384883e-05 6.581133608882112309e-06 7.156823857125340826e-06 6.432352480176809677e-06 5.686558488505405165e-06 4.940675586288870565e-06 3.497919674019195043e-06
2.636498408953284490e-05 7.373902530611698924e-07 1.162532335024882594e-03 -1.539819509908716850e-06 -1.111217881764503234e-05 1.180314873347495062e-06 1.614224318253959170e-06 1.662354075448147257e-06 1.559632426932716851e-06 -1.123729602711756908e-05 1.465667914845897365e-06 1.234523049404941744e-06 8.541617544460388448e-07 8.415020453676118934e-07 5.091671253473774225e-07 -2.402602177622952160e-05 -1.825494941059237685e-04 1.366553952164048266e-06 2.988134416854180782e-06 5.199412795822840492e-06 6.581133608882112309e-06 5.008478771917894450e-05 8.351801585440083963e-06 8.167451381966256933e-06 7.934609511382404568e-06 6.943153498551408656e-06 5.471173153959705843e-06
8.054791983645693830e-06 2.741059187271483983e-06 8.815078929247843666e-04 -1.263359039846108635e-06 -8.963238329988553965e-06 9.381732412927031340e-07 1.715382028661375974e-06 1.935653096556208902e-06 1.676479526494311503e-06 1.598983167009946379e-06 -1.054372758489419961e-05 1.508709003022873911e-06 1.318777184903068845e-06 1.019099714181138348e-06 6.607467472520810709e-07 -1.839231723731781166e-05 -1.528607942946333994e-04 9.223860390421571682e-07 2.602305733714904271e-06 4.958782500267180774e-06 7.156823857125340826e-06 8.351801585440083963e-06 4.242216031911290601e-05 9.569421519166762199e-06 9.608906570560341444e-06 9.149081934888945937e-06 8.108287418344030728e-06
-4.151716533409908864e-05 3.993118739385313637e-07 6.745729069090973182e-04 -7.000779382147607475e-07 -4.394447462403965495e-06 6.029547435385589358e-07 1.442284956094860490e-06 2.026957200807410858e-06 1.971732321568379373e-06 1.679310938281896411e-06 1.575146625044427943e-06 -9.113528710579434308e-06 1.289619979510076100e-06 1.199328338818467383e-06 7.466847342497959257e-07 -1.150478129252526954e-05 -8.913192980899603036e-05 6.487411283981065836e-07 2.285129073909882210e-06 4.416319328681365360e-06 6.432352480176809677e-06 8.167451381966256933e-06 9.569421519166762199e-06 3.546076266028257260e-05 1.107444860875790173e-05 1.106422486229264953e-05 1.065125061796613668e-05
-9.095002045322213898e-05 7.471079552398924272e-08 4.601818748875136631e-04 -3.784238445805981291e-08 1.934846444228392385e-07 2.364947040854174885e-07 1.143252646991521826e-06 1.877456358879786337e-06 2.073630088340374494e-06 1.800555926906573397e-06 1.753043202055890835e-06 1.498037689036186221e-06 -8.080189606721904940e-06 1.090938794762220087e-06 8.028283040907870411e-07 1.344263289233015284e-06 7.817522466881798651e-06 6.058520642097665033e-07 1.931498548111655332e-06 3.895048134232914885e-06 5.686558488505405165e-06 7.934609511382404568e-06 9.608906570560341444e-06 1.107444860875790173e-05 3.111016247796138836e-05 1.322495549253047505e-05 1.376018378499115945e-05
-1.553356708953865164e-04 8.075610743325490969e-07 -1.334268464925976623e-04 1.172224834857716425e-06 8.142043894155287734e-06 -4.526211758867807225e-07 7.747212612945108277e-07 1.743101396521846907e-06 1.969406252376440884e-06 2.030898439577880456e-06 1.856373357702518268e-06 1.647004516826858463e-06 1.379405752042384878e-06 -6.581957593080909912e-06 7.731684661545250956e-07 1.838036995374614537e-05 2.063384922421712610e-04 2.801569222387898575e-07 1.480490048229095049e-06 2.917724658351380090e-06 4.940675586288870565e-06 6.943153498551408656e-06 9.149081934888945937e-06 1.106422486229264953e-05 1.322495549253047505e-05 2.838777683713236590e-05 1.771596287426456236e-05
-2.886467960512796235e-04 5.344337242779960655e-07 -7.827734412121908686e-04 2.896457623826920405e-06 2.133526264975047461e-05 -1.557700880621708784e-06 2.318603914098219777e-08 1.228218582505062255e-06 1.533936854701328569e-06 1.707125988127383980e-06 1.721767424634734268e-06 1.586982487639148519e-06 1.489666645472473420e-06 7.950144130668032555e-07 -4.331300355525484897e-06 4.988786283731856008e-05 5.420448966007689875e-04 -2.577765166534863264e-07 6.488595762101202325e-07 1.687207717322628135e-06 3.497919674019195043e-06 5.471173153959705843e-06 8.108287418344030728e-06 1.065125061796613668e-05 1.376018378499115945e-05 1.771596287426456236e-05 3.119934578747346070e-05
