# As_1e9 ns H0 omegab omegam LSST_DZ_S1 LSST_DZ_S2 LSST_DZ_S3 LSST_DZ_S4 LSST_DZ_S5 LSST_DZ_S6 LSST_DZ_S7 LSST_DZ_S8 LSST_DZ_S9 LSST_DZ_S10 LSST_A1_1 LSST_A1_2 LSST_M1 LSST_M2 LSST_M3 LSST_M4 LSST_M5 LSST_M6 LSST_M7 LSST_M8 LSST_M9 LSST_M10
1.580821878434911926e-02 1.451802215870438579e-03 -1.412891860815221334e-01 2.187299982857266316e-05 -4.300683126948985960e-04 2.632078837309329445e-05 2.027248028229666876e-05 1.938489228663590138e-05 1.085310453181640924e-05 1.593131561867366643e-05 2.169264509314227659e-05 2.905375162205491699e-05 2.916327885948788464e-05 2.256939356980144408e-05 -4.771034829187416462e-05 -8.005313313893545933e-04 -7.281220895759217375e-03 5.303294300986828725e-06 2.677019734752661875e-05 2.685071880845315404e-05 3.346628622488961592e-05 8.373696688660271317e-06 -1.576424009332953928e-05 -4.437314027983927549e-05 -6.893315289860656213e-05 -9.884412647296184128e-05 -1.483183071948785965e-04
1.451802215870438579e-03 2.798516123902883962e-04 -1.853713513951824043e-02 2.617807410119626780e-05 4.913654995854207711e-06 -7.618288518590578514e-07 -5.937021683238898931e-07 1.265976708834702405e-07 -5.265017425671901251e-07 2.698311339401507288e-07 -1.145792347018905016e-07 7.445488976551164067e-07 1.155558583274022571e-06 1.423403345784947720e-06 1.986401233558079488e-07 2.037063355977425388e-05 -6.131757411361641143e-05 -2.686658542530716331e-06 -1.633619145216714658e-06 -2.031707882678357737e-06 9.259261916295828942e-07 7.338036532110814404e-07 2.398062724711676926e-06 2.274281299107462231e-06 3.032876147571968510e-06 4.076046877714584232e-06 5.794939440367159258e-06
-1.412891860815221334e-01 -1.853713513951824043e-02 5.061628537721580834e+00 3.609436574055200665e-03 -6.062250345966207869e-03 3.080888550840487424e-04 4.283433326523207029e-04 3.478182487275816720e-04 3.261271014768794200e-04 3.388506005381646305e-04 3.490117552141082467e-04 1.417870314515516390e-04 2.191071501644677080e-04 2.129282026064019569e-04 -2.002168725801406794e-04 -5.229010837016357782e-04 -2.285672446210421094e-02 2.906749890936672557e-04 6.343524319078767872e-04 1.069795482519020303e-03 1.032269979736346894e-03 7.595788201278289411e-04 4.947001640007331769e-04 3.815368314887611183e-04 -5.441502404139716888e-05 -4.849598368853304882e-04 -9.457934964152232751e-04
2.187299982857266316e-05 2.617807410119626780e-05 3.609436574055200665e-03 1.870908049154614038e-05 1.022281364718895255e-05 -5.901886230239163994e-07 -6.475018201508263715e-07 -7.966993025726400547e-07 -6.527070491729431258e-07 -6.454714972437664997e-07 -6.676445640509244154e-07 -5.412178321693289756e-07 -4.113043564655671159e-07 -6.993520345521038758e-08 6.609240181572382285e-08 -2.487819963580109807e-06 1.764153665467116071e-05 -5.698252606239082419e-07 -1.469427718523424463e-06 -1.683050272072182090e-06 -1.783337817812261188e-06 -1.466381016554381594e-06 -1.090638741918967872e-06 -8.539060189546397042e-07 -3.966025325502807950e-07 -1.028300488261488002e-09 1.010193701657087927e-06
-4.300683126948985960e-04 4.913654995854207711e-06 -6.062250345966207869e-03 1.022281364718895255e-05 6.911565614261245649e-05 -3.736341683202669390e-06 -4.350332601053969211e-06 -4.408529154798726551e-06 -3.548021084223312604e-06 -4.062783319605753532e-06 -4.499135764011706391e-06 -3.853641678401248436e-06 -3.903686250631958034e-06 -2.851548518831463381e-06 3.613922621763164016e-06 4.239989667105337819e-05 5.746162589156544485e-04 -2.309272600362136429e-06 -7.108696188534977067e-06 -9.977681104321112150e-06 -1.130081368900238215e-05 -8.363166930713866588e-06 -5.621180701795452712e-06 -3.330980315905543248e-06 4.448296435473865409e-07 4.477744103379451200e-06 1.081831431942054868e-05
2.632078837309329445e-05 -7.618288518590578514e-07 3.080888550840487424e-04 -5.901886230239163994e-07 -3.736341683202669390e-06 1.197139246635920025e-05 4.899669176886180125e-06 2.787121618044781181e-06 1.461852570190170156e-06 4.347207982083534826e-07 -2.681806604165108447e-07 -7.381741476423713710e-07 -1.065465066661174774e-06 -3.261025522968488718e-07 4.884373920598369095e-07 1.840361649718794845e-05 -5.589361194709015993e-04 -7.553240812979534501e-06 -2.876915106619300388e-08 8.148403396884636364e-07 1.411637384956896978e-06 1.556159961693058607e-06 1.452461208391328969e-06 1.169875811321721578e-06 7.691571777704040636e-07 -2.183597641975223612e-07 -1.274536965874314375e-06
2.027248028229666876e-05 -5.937021683238898931e-07 4.283433326523207029e-04 -6.475018201508263715e-07 -4.350332601053969211e-06 4.899669176886180125e-06 8.769728545023319422e-06 2.716109452223870925e-06 2.057966740884784019e-06 1.422862315573770540e-06 1.089011544318620785e-06 4.857965557784214449e-07 1.169221555011026000e-07 -2.777277244000782135e-08 -2.661459525062055945e-07 1.846830675276824681e-05 -2.322914388593313106e-04 7.587545968462500612e-07 -1.195005290709635815e-05 9.594626700328112911e-07 1.526339434040405172e-06 1.872075554534694932e-06 1.809872845158331730e-06 1.916130161204232555e-06 1.748844660218752292e-06 1.287791566546022302e-06 6.241980157089075924e-07
1.938489228663590138e-05 1.265976708834702405e-07 3.478182487275816720e-04 -7.966993025726400547e-07 -4.408529154798726551e-06 2.787121618044781181e-06 2.716109452223870925e-06 8.719458544302697897e-06 2.194167826546176230e-06 2.001423568751723063e-06 1.739034121374770146e-06 1.298733389168384692e-06 8.238732184504333857e-07 4.820467630206533259e-07 -4.634856639727560032e-07 1.814571478219803992e-05 -5.207861519394759451e-05 5.139557897343467566e-07 7.433961389024515793e-07 -1.185284189584006131e-05 1.370378655998868908e-06 1.483712806320971439e-06 1.664932728311717723e-06 1.904843948760042799e-06 1.951455608581213026e-06 1.734843515267560431e-06 1.428642364799302124e-06
1.085310453181640924e-05 -5.265017425671901251e-07 3.261271014768794200e-04 -6.527070491729431258e-07 -3.548021084223312604e-06 1.461852570190170156e-06 2.057966740884784019e-06 2.194167826546176230e-06 9.493350957343644973e-06 2.248798644668095673e-06 2.221044474901308878e-06 2.041914482764979282e-06 1.588278800070478296e-06 8.528058194539810180e-07 -4.704290285826449327e-07 1.702472332545909402e-05 5.832924531475815498e-05 4.034937407787149586e-07 4.808856530412667776e-07 8.836471596059980414e-07 -1.079064606109093045e-05 1.107536577183965604e-06 1.252230116197297301e-06 1.446932910385262793e-06 1.736260249442262915e-06 1.909887589048900801e-06 1.854581423120343107e-06
1.593131561867366643e-05 2.698311339401507288e-07 3.388506005381646305e-04 -6.454714972437664997e-07 -4.062783319605753532e-06 4.347207982083534826e-07 1.422862315573770540e-06 2.001423568751723063e-06 2.248798644668095673e-06 1.012132873366827757e-05 2.751586296632541224e-06 2.395604018484588768e-06 1.957583735658079888e-06 1.032618095518251143e-06 -4.577378272932800495e-07 1.526945691579327237e-05 1.376134486841424916e-04 2.534594227577284791e-07 6.576860730162645718e-07 8.698145315382241136e-07 1.217336522798077093e-06 -9.214749407779821965e-06 9.333662652063905393e-07 1.382252166790636013e-06 1.710482487041944300e-06 2.041298326620601040e-06 2.033112140955032248e-06
2.169264509314227659e-05 -1.145792347018905016e-07 3.490117552141082467e-04 -6.676445640509244154e-07 -4.499135764011706391e-06 -2.681806604165108447e-07 1.089011544318620785e-06 1.739034121374770146e-06 2.221044474901308878e-06 2.751586296632541224e-06 1.072032362886567554e-05 2.868595835315788471e-06 2.683535970360843711e-06 1.511793154341294370e-06 -1.590883750946836576e-07 1.155712023494771825e-05 1.723539581162531191e-04 4.265808939755905347e-07 6.251082609024363715e-07 8.886536508794482219e-07 1.157434100792517224e-06 8.686553113993272592e-07 -7.480644332789703521e-06 1.200272727591377896e-06 1.379574482692560042e-06 1.956751105783177284e-06 2.010028451391999436e-06
2.905375162205491699e-05 7.445488976551164067e-07 1.417870314515516390e-04 -5.412178321693289756e-07 -3.853641678401248436e-06 -7.381741476423713710e-07 4.857965557784214449e-07 1.298733389168384692e-06 2.041914482764979282e-06 2.395604018484588768e-06 2.868595835315788471e-06 1.156420354786936711e-05 2.904890133511113676e-06 2.402055713603857852e-06 4.920648971327466358e-07 5.110265659803571748e-06 1.716439899800600291e-04 3.300422185905924072e-07 9.647810329690517214e-07 8.424746216707175666e-07 5.658558419130846430e-07 6.450303637318636702e-07 6.311252624812089788e-07 -6.560432616568750069e-06 9.144679682566871370e-07 1.266427071261296861e-06 1.599628095266031512e-06
2.916327885948788464e-05 1.155558583274022571e-06 2.191071501644677080e-04 -4.113043564655671159e-07 -3.903686250631958034e-06 -1.065465066661174774e-06 1.169221555011026000e-07 8.238732184504333857e-07 1.588278800070478296e-06 1.957583735658079888e-06 2.683535970360843711e-06 2.904890133511113676e-06 1.286974941552057120e-05 2.713270993467848959e-06 1.440208603895345342e-06 -2.039759190620092831e-06 1.401555946768010365e-04 2.989829703333951011e-07 9.020247660002512019e-07 1.063063364656669404e-06 5.621570704129909362e-07 5.881324790879190609e-07 2.549360556932539717e-07 4.155305521113578398e-07 -5.980836110786624566e-06 6.707020996738050559e-07 8.725814687404767587e-07
2.256939356980144408e-05 1.423403345784947720e-06 2.129282026064019569e-04 -6.993520345521038758e-08 -2.851548518831463381e-06 -3.261025522968488718e-07 -2.777277244000782135e-08 4.820467630206533259e-07 8.528058194539810180e-07 1.032618095518251143e-06 1.511793154341294370e-06 2.402055713603857852e-06 2.713270993467848959e-06 1.480448549864706541e-05 2.669435645358318056e-06 -1.244161391154174002e-05 -1.330454326482177154e-05 -8.424861669692294515e-08 8.341453245481074696e-07 7.631283380346291797e-07 8.575055248208000949e-07 7.154400118647107825e-07 5.268789506921609864e-07 -6.993869379420245665e-08 -3.028874847027655013e-08 -5.220532264092981741e-06 -2.613381659308442074e-07
-4.771034829187419173e-05 1.986401233558057518e-07 -2.002168725801408420e-04 6.609240181572367727e-08 3.613922621763162745e-06 4.884373920598372271e-07 -2.661459525062059650e-07 -4.634856639727556326e-07 -4.704290285826448268e-07 -4.577378272932799965e-07 -1.590883750946834194e-07 4.920648971327467417e-07 1.440208603895345342e-06 2.669435645358318056e-06 2.187771879322102019e-05 -1.941700214693507581e-05 -1.882434523242110930e-04 -5.169880769262624318e-07 1.753473398861408296e-07 2.204105398238678099e-07 3.782531767416691116e-07 3.882835109621341441e-07 3.135380484751092507e-07 8.571606415197542425e-08 -2.436712641096280764e-07 -2.609049412382715232e-07 -4.717253800825258951e-06
-8.005313313893545933e-04 2.037063355977425388e-05 -5.229010837016357782e-04 -2.487819963580109807e-06 4.239989667105337819e-05 1.840361649718794845e-05 1.846830675276824681e-05 1.814571478219803992e-05 1.702472332545909402e-05 1.526945691579327237e-05 1.155712023494771825e-05 5.110265659803571748e-06 -2.039759190620092831e-06 -1.244161391154174002e-05 -1.941700214693507581e-05 7.127311889136377478e-04 3.048834064721449820e-03 -6.349002496067668889e-06 -1.788480402911112263e-05 -2.268914477939660038e-05 -2.104739065686209092e-05 -1.781353506088841169e-05 -1.122724078051231853e-05 -2.900447409491682859e-06 5.091772321983306117e-06 1.362927369945950573e-05 2.591855045973429740e-05
-7.281220895759217375e-03 -6.131757411361641143e-05 -2.285672446210421094e-02 1.764153665467116071e-05 5.746162589156544485e-04 -5.589361194709015993e-04 -2.322914388593313106e-04 -5.207861519394759451e-05 5.832924531475815498e-05 1.376134486841424916e-04 1.723539581162531191e-04 1.716439899800600291e-04 1.401555946768010365e-04 -1.330454326482177154e-05 -1.882434523242110930e-04 3.048834064721449820e-03 8.756601791314627681e-02 -3.756195457737756703e-05 1.386757147419440388e-05 -8.153544636651487425e-05 -1.453683037006547342e-04 -1.776012290033554184e-04 -1.532065998620591373e-04 -1.035137905293847068e-04 -3.003448992498355141e-05 9.906485854530158253e-05 2.622440186246020421e-04
5.303294300986822796e-06 -2.686658542530717602e-06 2.906749890936672015e-04 -5.698252606239082419e-07 -2.309272600362136429e-06 -7.553240812979533654e-06 7.587545968462503789e-07 5.139557897343468625e-07 4.034937407787149586e-07 2.534594227577284791e-07 4.265808939755905347e-07 3.300422185905924601e-07 2.989829703333951011e-07 -8.424861669692294515e-08 -5.169880769262624318e-07 -6.349002496067668889e-06 -3.756195457737756703e-05 9.188199926084305354e-05 1.795570267712124997e-06 2.082246231648030431e-06 1.806309377023011552e-06 1.746473681456062715e-06 1.149915977986781136e-06 1.040427029631663944e-06 8.611389272952993684e-07 7.362214879199692123e-07 3.023900923734227990e-07
2.677019734752661875e-05 -1.633619145216714658e-06 6.343524319078767872e-04 -1.469427718523424463e-06 -7.108696188534977067e-06 -2.876915106619300388e-08 -1.195005290709635815e-05 7.433961389024515793e-07 4.808856530412667776e-07 6.576860730162645718e-07 6.251082609024363715e-07 9.647810329690517214e-07 9.020247660002512019e-07 8.341453245481074696e-07 1.753473398861408296e-07 -1.788480402911112263e-05 1.386757147419440388e-05 1.795570267712124997e-06 7.407709139107897895e-05 4.759990872097588448e-06 5.074855415812640074e-06 4.285955499756189256e-06 3.765375921925557334e-06 3.151878978207302025e-06 2.583692592229987817e-06 2.024800380070591912e-06 1.132307628984105832e-06
2.685071880845315404e-05 -2.031707882678357737e-06 1.069795482519020303e-03 -1.683050272072182090e-06 -9.977681104321112150e-06 8.148403396884636364e-07 9.594626700328112911e-07 -1.185284189584006131e-05 8.836471596059980414e-07 8.698145315382241136e-07 8.886536508794482219e-07 8.424746216707175666e-07 1.063063364656669404e-06 7.631283380346291797e-07 2.204105398238678099e-07 -2.268914477939660038e-05 -8.153544636651487425e-05 2.082246231648030431e-06 4.759990872097588448e-06 5.655879359324630999e-05 7.457586691617738241e-06 7.139777238055822474e-06 6.711444523176640739e-06 6.206951096536748350e-06 5.305343316603437128e-06 4.658168149566477116e-06 3.365967754186311424e-06
3.346628622488962269e-05 9.259261916295819413e-07 1.032269979736347111e-03 -1.783337817812261188e-06 -1.130081368900238384e-05 1.411637384956897190e-06 1.526339434040405383e-06 1.370378655998869120e-06 -1.079064606109093214e-05 1.217336522798076882e-06 1.157434100792517224e-06 5.658558419130845371e-07 5.621570704129909362e-07 8.575055248208000949e-07 3.782531767416691116e-07 -2.104739065686209092e-05 -1.453683037006547342e-04 1.806309377023011552e-06 5.074855415812640074e-06 7.457586691617738241e-06 4.432864733301716587e-05 8.913873715873373927e-06 8.844342511839891520e-06 8.902934101970868167e-06 7.939523042459927359e-06 6.942744619204544695e-06 5.557275850902944312e-06
8.373696688660271317e-06 7.338036532110814404e-07 7.595788201278289411e-04 -1.466381016554381594e-06 -8.363166930713866588e-06 1.556159961693058607e-06 1.872075554534694932e-06 1.483712806320971439e-06 1.107536577183965604e-06 -9.214749407779821965e-06 8.686553113993272592e-07 6.450303637318636702e-07 5.881324790879190609e-07 7.154400118647107825e-07 3.882835109621341441e-07 -1.781353506088841169e-05 -1.776012290033554184e-04 1.746473681456062715e-06 4.285955499756189256e-06 7.139777238055822474e-06 8.913873715873373927e-06 3.474837998913565677e-05 9.973070811772399562e-06 9.989665046462678922e-06 9.401856201050049879e-06 8.706196755379634185e-06 7.546609199374046258e-06
-1.576424009332953928e-05 2.398062724711676926e-06 4.947001640007331769e-04 -1.090638741918967872e-06 -5.621180701795452712e-06 1.452461208391328969e-06 1.809872845158331730e-06 1.664932728311717723e-06 1.252230116197297301e-06 9.333662652063905393e-07 -7.480644332789703521e-06 6.311252624812089788e-07 2.549360556932539717e-07 5.268789506921609864e-07 3.135380484751092507e-07 -1.122724078051231853e-05 -1.532065998620591373e-04 1.149915977986781136e-06 3.765375921925557334e-06 6.711444523176640739e-06 8.844342511839891520e-06 9.973070811772399562e-06 2.800482393995727901e-05 1.084715449938094491e-05 1.090273605386387540e-05 1.030061417818600386e-05 9.511289249750832199e-06
-4.437314027983928905e-05 2.274281299107463078e-06 3.815368314887612267e-04 -8.539060189546394925e-07 -3.330980315905541554e-06 1.169875811321721790e-06 1.916130161204232555e-06 1.904843948760043011e-06 1.446932910385262793e-06 1.382252166790636013e-06 1.200272727591377684e-06 -6.560432616568750069e-06 4.155305521113578398e-07 -6.993869379420245665e-08 8.571606415197542425e-08 -2.900447409491682859e-06 -1.035137905293847068e-04 1.040427029631663944e-06 3.151878978207302025e-06 6.206951096536748350e-06 8.902934101970868167e-06 9.989665046462678922e-06 1.084715449938094491e-05 2.430433238653292933e-05 1.209620941425954949e-05 1.214006784048122255e-05 1.152793617400315977e-05
-6.893315289860656213e-05 3.032876147571968510e-06 -5.441502404139716888e-05 -3.966025325502807950e-07 4.448296435473865409e-07 7.691571777704040636e-07 1.748844660218752292e-06 1.951455608581213026e-06 1.736260249442262915e-06 1.710482487041944300e-06 1.379574482692560042e-06 9.144679682566871370e-07 -5.980836110786624566e-06 -3.028874847027655013e-08 -2.436712641096280764e-07 5.091772321983306117e-06 -3.003448992498355141e-05 8.611389272952993684e-07 2.583692592229987817e-06 5.305343316603437128e-06 7.939523042459927359e-06 9.401856201050049879e-06 1.090273605386387540e-05 1.209620941425954949e-05 2.191477584475192878e-05 1.345500642065839694e-05 1.357337550973279057e-05
-9.884412647296184128e-05 4.076046877714584232e-06 -4.849598368853304882e-04 -1.028300488261488002e-09 4.477744103379451200e-06 -2.183597641975223612e-07 1.287791566546022302e-06 1.734843515267560431e-06 1.909887589048900801e-06 2.041298326620601040e-06 1.956751105783177284e-06 1.266427071261296861e-06 6.707020996738050559e-07 -5.220532264092981741e-06 -2.609049412382715232e-07 1.362927369945950573e-05 9.906485854530158253e-05 7.362214879199692123e-07 2.024800380070591912e-06 4.658168149566477116e-06 6.942744619204544695e-06 8.706196755379634185e-06 1.030061417818600386e-05 1.214006784048122255e-05 1.345500642065839694e-05 2.044418671652308133e-05 1.559954447045972296e-05
-1.483183071948786507e-04 5.794939440367157564e-06 -9.457934964152238172e-04 1.010193701657087927e-06 1.081831431942054868e-05 -1.274536965874314586e-06 6.241980157089073807e-07 1.428642364799302124e-06 1.854581423120342684e-06 2.033112140955032248e-06 2.010028451391999436e-06 1.599628095266031723e-06 8.725814687404767587e-07 -2.613381659308442074e-07 -4.717253800825258951e-06 2.591855045973429740e-05 2.622440186246020421e-04 3.023900923734227990e-07 1.132307628984105832e-06 3.365967754186311424e-06 5.557275850902944312e-06 7.546609199374046258e-06 9.511289249750832199e-06 1.152793617400315977e-05 1.357337550973279057e-05 1.559954447045972296e-05 2.124042578587515847e-05
