# As_1e9 ns H0 omegab omegam LSST_DZ_S1 LSST_DZ_S2 LSST_DZ_S3 LSST_DZ_S4 LSST_DZ_S5 LSST_DZ_S6 LSST_DZ_S7 LSST_DZ_S8 LSST_DZ_S9 LSST_DZ_S10 LSST_A1_1 LSST_A1_2 LSST_M1 LSST_M2 LSST_M3 LSST_M4 LSST_M5 LSST_M6 LSST_M7 LSST_M8 LSST_M9 LSST_M10 LSST_B1_1 LSST_B1_2 LSST_B1_3 LSST_B1_4 LSST_B1_5 LSST_B1_6 LSST_B1_7 LSST_B1_8 LSST_B1_9 LSST_B1_10
1.326545510931073819e-02 1.715398371296557225e-03 -1.726399090436654404e-01 -2.492579769936912731e-05 -2.686412525688907336e-04 3.031520853114813295e-05 2.626866428612898617e-05 3.779219714886531431e-05 3.547852804538641647e-05 2.770901632281245439e-05 1.626850421089173171e-05 -8.137700337802697425e-06 4.809029278731120874e-07 -2.750191202446278032e-05 -2.796243709579156894e-05 2.463455096361540520e-04 -1.278460384481810465e-03 7.562731028964922710e-07 1.125009450378484563e-05 -1.622779959390864823e-05 -1.591315720488139425e-05 -1.248113070813043189e-05 -1.171521860331468197e-05 -4.097553265014644074e-06 -3.154962184249849975e-05 -3.773600520144070421e-05 -6.965848554946299813e-05 -7.201590009104795378e-04 -8.999973198438406853e-04 -9.514400070932298777e-04 -9.033581869222482349e-04 -9.945537736648862957e-04 -1.131596807431668088e-03 -1.399811757608693816e-03 -1.523913027495288385e-03 -2.039711964208644826e-03 -3.856949116538597056e-03
1.715398371296557225e-03 3.189416264741074480e-04 -2.560272365721328464e-02 1.880995256231130322e-06 -2.645737346795378508e-05 5.874513437791146533e-07 1.155377743912801699e-06 2.688552311643981669e-06 2.423972956944750634e-06 2.168479214665198115e-06 1.172579529570241182e-06 -1.125691321926617878e-06 3.921351602990460228e-07 -1.700872956558365640e-06 1.838849803910755453e-06 7.268643636971827476e-05 -1.586263919881886281e-05 5.030184250068789842e-07 2.677795384467267625e-06 1.965456538793517154e-06 4.368446405546736110e-06 4.930241248312487768e-06 6.421477171961182218e-06 8.136607321999485254e-06 6.117111376413075128e-06 6.526131605375112199e-06 4.756976092202557377e-06 -4.656213302665224699e-05 -5.475142753000332749e-05 -4.864676596772822445e-05 -3.944667524933600773e-05 -3.702402098722019799e-05 -3.504450716002609136e-05 -5.350582421397504830e-05 -5.735555524902379059e-05 -1.064301773662972229e-04 -3.623862111865334534e-04
-1.726399090436654127e-01 -2.560272365721327423e-02 4.728806185430332931e+00 1.760138967217104002e-03 -4.742119096026591561e-03 3.082547413716604529e-04 5.181683301324435751e-04 5.144505684053491106e-04 4.538096454890757693e-04 5.589204107842208431e-04 4.998439071687370804e-04 5.455929703390452424e-04 5.372323846184783649e-05 6.724978756765605557e-06 -3.200482006187440795e-04 3.903711399748238664e-03 1.920475988132629153e-02 1.168890780899005654e-04 1.717032289008303301e-04 3.973998755112261743e-04 4.641281160934989216e-04 1.581021962306208080e-04 1.272272755847289670e-04 -1.225434191270287603e-04 6.510349430348029854e-05 -2.745751073089612972e-04 -5.726069770599291923e-04 -1.158037736456704082e-02 -1.106350593253334173e-02 -1.190790789145863664e-02 -1.301594329911333336e-02 -1.301446131178420583e-02 -1.233468155595077685e-02 -1.218503188014784071e-02 -1.514264320939655122e-02 -1.470468704611254014e-02 -9.463052649890422302e-03
-2.492579769936912731e-05 1.880995256231130322e-06 1.760138967217103568e-03 4.928724693643698058e-06 1.720198574788922861e-06 -1.499885646853202101e-07 -1.597551924852949790e-07 -2.876156534011565356e-07 -3.213165664723700569e-07 -2.463839525527930797e-07 -3.114753458944754568e-07 -3.501405186075517558e-07 -5.257670213357373068e-07 -3.481028048537461671e-07 2.917382354014948283e-07 -2.331361020902827729e-06 4.012539818433776092e-06 -7.209657075820138822e-09 -2.219769756464065151e-07 -1.174314274068457816e-07 -1.173149996428023435e-07 -3.689335609782757844e-07 -2.904229703053976792e-07 -3.325440245495646351e-07 -2.132504797330727615e-07 -4.058125846808174572e-07 -4.991202582855604506e-07 3.296179931789027741e-06 2.763211158900573579e-06 2.906880536445231625e-06 3.096842569909575197e-06 2.937329228738489444e-06 2.337365995530967952e-06 2.111786870242770086e-06 -6.237340690213138677e-07 -1.083496960954105394e-05 -3.769043188920245439e-05
-2.686412525688907336e-04 -2.645737346795378508e-05 -4.742119096026591561e-03 1.720198574788922861e-06 4.455168428300031988e-05 -3.387412165760419105e-06 -4.412554392233235233e-06 -5.646311772160266657e-06 -5.339303625730281930e-06 -5.348910066752527396e-06 -4.509329554516621088e-06 -3.008914367017526198e-06 -1.759720584197627171e-06 6.353362862518106107e-07 3.064314147341358304e-06 -4.539244912157397823e-05 9.721190835927417316e-06 -5.982385953969188724e-07 -2.704440099616696503e-06 -2.480467539788927647e-06 -3.653407551208621256e-06 -3.173025843186865407e-06 -3.318874152598250416e-06 -3.259601896043526258e-06 -2.259316923550449224e-06 -8.670178591436368891e-07 2.271960464873632494e-06 1.036138363083972887e-04 1.116111053429231180e-04 1.172207020658743413e-04 1.184934423430029573e-04 1.234218865857447027e-04 1.266943471834656282e-04 1.439634518424728242e-04 1.594746687144835248e-04 1.766841246963073478e-04 2.536885520779304237e-04
3.031520853114813295e-05 5.874513437791146533e-07 3.082547413716603445e-04 -1.499885646853202101e-07 -3.387412165760419105e-06 5.580672033000027395e-06 2.630097501581536995e-06 1.930680582456307734e-06 1.515066106999523637e-06 1.238823903464307564e-06 7.344034383365527549e-07 5.430526355891054443e-07 3.323978154087966294e-07 2.732594883050712860e-08 4.168728274016811268e-08 4.852210050523817595e-06 -1.148035392926059523e-04 -2.445880839525431274e-06 1.438763237732377552e-06 1.418402378611840266e-06 1.015114288117481331e-06 7.002033594186699549e-07 6.687307899883498430e-07 3.067201823409145168e-07 -3.123158698111875752e-08 -3.471171748366771951e-07 -9.621257035714431845e-07 4.564799649552748929e-06 -7.245455995599387678e-06 -1.475280945065430309e-05 -1.382369266248967160e-05 -1.388603247390044268e-05 -1.416662037965422320e-05 -1.511356204450218083e-05 -1.312845573631976268e-05 -1.684213703218557194e-05 -2.724193295495173968e-05
2.626866428612898617e-05 1.155377743912801699e-06 5.181683301324437919e-04 -1.597551924852949790e-07 -4.412554392233235233e-06 2.630097501581536995e-06 5.169691562215198375e-06 2.622213729609467523e-06 1.831160999514202803e-06 1.630466277169683208e-06 1.212927320233142499e-06 8.930346574257169616e-07 5.600020831211487641e-07 2.156855998706370202e-07 6.490085675643640793e-08 7.057337210189429867e-06 -6.091198636564855548e-05 1.127431753583490383e-06 -4.650828040732420575e-06 3.567826122286755971e-07 1.307256760846995910e-06 1.087575026697886973e-06 1.126109722806013485e-06 9.994544693466459354e-07 7.681339078686871011e-07 4.763202158167845060e-07 -1.314592174959828479e-07 -4.137625375119363279e-06 7.962538371850824647e-07 -7.865843616254197094e-06 -1.588736000763327149e-05 -1.642525108292149932e-05 -1.596311628232315247e-05 -1.728638849517977563e-05 -1.806448905267134402e-05 -2.045808405584974019e-05 -2.533475956702627884e-05
3.779219714886530753e-05 2.688552311643983363e-06 5.144505684053491106e-04 -2.876156534011563238e-07 -5.646311772160266657e-06 1.930680582456308581e-06 2.622213729609467100e-06 5.357913852415552500e-06 2.725098079526342763e-06 2.048517591508914255e-06 1.733280962282001583e-06 1.460104659353031756e-06 1.176076123719588739e-06 7.099014494289130655e-07 1.361799136518262582e-07 8.239575851155471652e-06 -2.204146101409409185e-05 5.320460879725704792e-07 2.453301875674378308e-07 -4.691341968614573296e-06 3.465483320008124375e-07 1.188303995618512676e-06 1.246158578160868828e-06 1.132339143117785174e-06 1.003354410533521282e-06 7.479638454052721319e-07 2.402060729853067317e-07 -2.213204576254380427e-06 -1.128068272563093977e-05 -5.875610353697692448e-06 -9.913540187371399615e-06 -1.763895257347958479e-05 -2.022010108703152655e-05 -2.233928429258667526e-05 -2.228271488849920895e-05 -2.351683911884528013e-05 -3.270870812793131216e-05
3.547852804538641647e-05 2.423972956944750634e-06 4.538096454890757693e-04 -3.213165664723700569e-07 -5.339303625730281930e-06 1.515066106999523637e-06 1.831160999514202803e-06 2.725098079526343186e-06 5.414083466323465284e-06 3.214256491417938881e-06 2.063502818188794406e-06 1.818950497764187165e-06 1.253771184066817390e-06 1.065791236861827437e-06 1.268452920793514187e-07 8.348698247421786298e-06 9.260956819876702917e-06 2.598946864334981594e-07 9.339535136170508033e-07 -4.655508997289367303e-08 -3.760913473551432766e-06 -8.557318349646110822e-08 1.221598615803388554e-06 1.199500652835820716e-06 1.254319308155859517e-06 8.951574310157212243e-07 5.117157683416850771e-07 -5.743122323135941900e-06 -4.171836298933378405e-06 -1.076768729417781521e-05 -4.714607878874353705e-06 -8.637652503584360915e-06 -1.945723288639773777e-05 -2.380608980451048948e-05 -2.328025464024731107e-05 -2.155974246233441930e-05 -2.250082435814176817e-05
2.770901632281245439e-05 2.168479214665198115e-06 5.589204107842208431e-04 -2.463839525527930797e-07 -5.348910066752527396e-06 1.238823903464307564e-06 1.630466277169683208e-06 2.048517591508914255e-06 3.214256491417938881e-06 6.232810816570462416e-06 3.434014643944589475e-06 2.154526281731009146e-06 1.657062177275454584e-06 1.063024315004817323e-06 3.602045700294228710e-07 9.128894715659709446e-06 4.170650113089206297e-05 -1.355004069090593860e-08 7.533946050263901326e-07 9.949596914431578982e-07 -1.874379348097131647e-07 -3.666739439065669617e-06 3.271346666001514605e-07 1.605458078444760160e-06 1.665573451481086474e-06 1.542547434699985448e-06 1.070589862371257964e-06 -6.763554894618618644e-06 -4.636970593276866460e-06 -4.612096327744141503e-06 -8.877357032002684993e-06 -3.425803312233817127e-06 -7.121351733682645292e-06 -2.041159996321867122e-05 -2.433207772804854265e-05 -2.627843251110023590e-05 -2.120144660714512827e-05
1.626850421089173171e-05 1.172579529570241182e-06 4.998439071687371888e-04 -3.114753458944754568e-07 -4.509329554516621088e-06 7.344034383365527549e-07 1.212927320233142499e-06 1.733280962282002006e-06 2.063502818188794406e-06 3.434014643944589475e-06 7.229931521943672108e-06 3.223878363422404456e-06 1.935113161800550850e-06 1.651628155657230815e-06 8.376135892133262967e-07 6.982102013160066386e-06 4.131768048301029698e-05 4.336326035707139039e-08 6.363285486966312970e-07 8.156311385950581724e-07 1.130060706387973875e-06 -1.810664356387384445e-07 -3.781835693644067900e-06 9.283091217693895862e-07 1.900009071008660273e-06 1.734949979457190729e-06 1.436309060727973738e-06 -4.617728956888178700e-06 -3.891857997835108368e-06 -2.359878790190008956e-06 -2.410819074598342182e-06 -7.216022781713738313e-06 1.815766220790505686e-06 -4.236094007642263526e-06 -1.927658703723647519e-05 -1.911678588327528339e-05 -1.725455566822149282e-05
-8.137700337802697425e-06 -1.125691321926617878e-06 5.455929703390451340e-04 -3.501405186075517558e-07 -3.008914367017526198e-06 5.430526355891054443e-07 8.930346574257169616e-07 1.460104659353031545e-06 1.818950497764187165e-06 2.154526281731009146e-06 3.223878363422404456e-06 8.682991311152059411e-06 3.394617149026107170e-06 2.117675185067735264e-06 9.852487124188156503e-07 5.052818879965518154e-06 5.356276429255903701e-05 -2.604741157085844597e-07 4.924108105248429754e-07 6.150495328078380211e-07 7.897951243472135609e-07 8.656698005146087900e-07 1.640617232629680270e-07 -3.980591109916254482e-06 9.620630412271718476e-07 1.720417962509162107e-06 1.675599313300638508e-06 -1.542824398933319624e-06 -8.178276740492431518e-07 2.038481615784485025e-06 2.633848205379908614e-06 2.969521034007900246e-06 -9.859433793623247767e-07 9.170310434836110084e-06 2.273747265385434898e-06 -8.986111334850860753e-06 -2.594626578256725187e-05
4.809029278731175931e-07 3.921351602990463934e-07 5.372323846184783649e-05 -5.257670213357376244e-07 -1.759720584197627171e-06 3.323978154087965765e-07 5.600020831211490817e-07 1.176076123719588739e-06 1.253771184066817390e-06 1.657062177275454584e-06 1.935113161800550850e-06 3.394617149026107170e-06 1.179442658488165878e-05 3.255868618699053234e-06 1.363495883626437558e-06 2.736577823663161896e-06 3.270173238454687959e-05 -4.625284504857046685e-07 4.121460732273686738e-07 3.047704594408433459e-07 8.905012402885826807e-07 9.427814850639915020e-07 1.082965020292362319e-06 1.722183904816139863e-07 -4.797771259329905008e-06 1.269464478009469595e-06 1.767223409354522566e-06 7.716717825705378678e-07 1.745776484332760821e-06 3.923426192527391226e-06 4.693771299553852850e-06 4.631134276001927680e-06 6.156828443576361893e-06 4.839334740059577550e-06 2.376338109243522650e-05 1.142501038823634408e-05 9.669907589587345192e-06
-2.750191202446278032e-05 -1.700872956558365640e-06 6.724978756765232862e-06 -3.481028048537461671e-07 6.353362862518106107e-07 2.732594883050712860e-08 2.156855998706370202e-07 7.099014494289125361e-07 1.065791236861827437e-06 1.063024315004817323e-06 1.651628155657230815e-06 2.117675185067735264e-06 3.255868618699053234e-06 1.558996192066055246e-05 2.592229343076785407e-06 -4.820498221165369688e-06 -1.090138855005272749e-05 -3.794451575110294108e-07 1.964630802864949475e-07 6.658864185524940138e-08 3.396320401699874618e-07 9.247436889012755527e-07 6.203695760721318298e-07 7.996682541844123927e-07 6.339327746508354107e-07 -4.262482014294618847e-06 1.797325425404342336e-06 6.050318769232311615e-06 7.917210694994629520e-06 8.542635831407495924e-06 1.067687520112677493e-05 1.097458550531115095e-05 1.236506070738200707e-05 1.667878345383414480e-05 1.893710553619693695e-05 6.473809294763755850e-05 3.083351735568862171e-06
-2.796243709579156894e-05 1.838849803910755453e-06 -3.200482006187440795e-04 2.917382354014948283e-07 3.064314147341358304e-06 4.168728274016811268e-08 6.490085675643640793e-08 1.361799136518262582e-07 1.268452920793514187e-07 3.602045700294228710e-07 8.376135892133262967e-07 9.852487124188156503e-07 1.363495883626437558e-06 2.592229343076785407e-06 2.213210751541425298e-05 -9.394840043353810659e-06 -9.387712712982653211e-05 -1.660081386521438060e-07 -2.895428613121248510e-07 -4.294406678510955259e-07 2.598327357416571315e-08 -2.252825812085689213e-08 -2.433852859360139769e-07 1.420336533630202143e-07 3.974600995523670216e-07 4.293623263867077519e-07 -3.889853927310425788e-06 1.205851092525999292e-05 1.117275461346754397e-05 1.351980544438914004e-05 1.622583119943436604e-05 1.766456241862133771e-05 2.076608696135386975e-05 2.524840347916437180e-05 2.982487037656127431e-05 1.416074856746065918e-05 2.132131041291068872e-05
2.463455096361540520e-04 7.268643636971827476e-05 3.903711399748236496e-03 -2.331361020902827729e-06 -4.539244912157397823e-05 4.852210050523817595e-06 7.057337210189429867e-06 8.239575851155471652e-06 8.348698247421786298e-06 9.128894715659709446e-06 6.982102013160066386e-06 5.052818879965518154e-06 2.736577823663163166e-06 -4.820498221165369688e-06 -9.394840043353810659e-06 4.182827253889116617e-04 1.570109895579171024e-03 7.092033379205287845e-06 6.273576607374463008e-06 2.905830382257749244e-06 1.018906952641830657e-06 -2.374340755225447140e-06 -1.279257864708927205e-06 -1.975243056350887282e-06 -3.181830120544267971e-06 -2.928197619716329114e-06 -4.649049465399017794e-06 -6.084061149000766379e-05 -7.403613535471420645e-05 -9.065952696381084476e-05 -1.051652139344402858e-04 -1.166071085720943253e-04 -1.293391309074000352e-04 -1.400288397680267318e-04 -1.995632363217574512e-04 -2.414011868485426348e-04 -7.202200969388364467e-05
-1.278460384481810465e-03 -1.586263919881886281e-05 1.920475988132628459e-02 4.012539818433776092e-06 9.721190835927417316e-06 -1.148035392926059523e-04 -6.091198636564855548e-05 -2.204146101409410879e-05 9.260956819876702917e-06 4.170650113089206297e-05 4.131768048301029698e-05 5.356276429255903701e-05 3.270173238454689992e-05 -1.090138855005272749e-05 -9.387712712982653211e-05 1.570109895579171024e-03 4.213195652949046355e-02 -1.917866059807970592e-04 -2.859880699014406743e-05 3.765904497844798818e-05 3.792898880591776749e-05 1.244263929647004942e-05 1.842263576269932940e-05 2.068670681063462292e-06 2.741738305799085963e-08 -1.483613985863921816e-06 1.042949525448394612e-05 -1.773837263362366859e-04 -2.015405545660800371e-06 2.829480732126724582e-04 1.315742206580100906e-04 9.178076417425228407e-05 -1.453387318305104817e-04 -4.449101512741492070e-04 -1.132277975732988873e-03 -1.723684668023864157e-03 2.449504891764817290e-03
7.562731028964913181e-07 5.030184250068788783e-07 1.168890780899005654e-04 -7.209657075820100771e-09 -5.982385953969188724e-07 -2.445880839525431274e-06 1.127431753583490383e-06 5.320460879725704792e-07 2.598946864334980535e-07 -1.355004069090593860e-08 4.336326035707143672e-08 -2.604741157085846185e-07 -4.625284504857046685e-07 -3.794451575110292520e-07 -1.660081386521438060e-07 7.092033379205289539e-06 -1.917866059807970863e-04 8.837309732516894967e-05 2.626698271898088663e-06 2.305911533202335877e-06 1.773475666427533393e-06 1.336285742867543608e-06 6.638371839203770993e-07 8.096301142476874895e-07 5.444549187055984373e-07 3.661267111482272625e-07 1.163924768632569043e-07 -1.597050153521487276e-05 -2.364112189568397129e-07 3.724005426684335531e-06 3.228825514086963941e-07 -1.129794886817989084e-06 9.396860058567846054e-08 9.377241261759570065e-07 8.261010264378166481e-07 4.130785152271368011e-06 -1.843232237029490992e-05
1.125009450378484563e-05 2.677795384467267625e-06 1.717032289008304385e-04 -2.219769756464065151e-07 -2.704440099616696503e-06 1.438763237732377552e-06 -4.650828040732420575e-06 2.453301875674376190e-07 9.339535136170508033e-07 7.533946050263901326e-07 6.363285486966312970e-07 4.924108105248429754e-07 4.121460732273686208e-07 1.964630802864949475e-07 -2.895428613121248510e-07 6.273576607374463008e-06 -2.859880699014406743e-05 2.626698271898088663e-06 6.506158491369756086e-05 6.057314014848360060e-06 4.460804862471954671e-06 4.408262603062653096e-06 4.193083161779618378e-06 3.988096534977245956e-06 3.714704699861289765e-06 3.417108365430701036e-06 3.013897839247234046e-06 -1.081357771445994561e-06 -2.498989390970394626e-05 -1.209243673292036005e-05 5.121513418783213439e-06 4.131604462961738842e-06 1.019645005475301779e-06 -1.147649968208283734e-06 -2.288607910809389313e-07 -4.199889381429994298e-06 -1.805530790162724179e-05
-1.622779959390864823e-05 1.965456538793517154e-06 3.973998755112261743e-04 -1.174314274068457816e-07 -2.480467539788927647e-06 1.418402378611840266e-06 3.567826122286755971e-07 -4.691341968614573296e-06 -4.655508997289367303e-08 9.949596914431578982e-07 8.156311385950581724e-07 6.150495328078380211e-07 3.047704594408433459e-07 6.658864185524940138e-08 -4.294406678510955259e-07 2.905830382257749244e-06 3.765904497844798818e-05 2.305911533202335877e-06 6.057314014848360060e-06 4.645518611730141569e-05 7.946136246583537530e-06 6.388854391131612169e-06 6.557152554240956445e-06 6.671542901421830109e-06 6.634763485601644098e-06 6.419827017479271564e-06 6.068047302420451939e-06 -5.030004787173687299e-06 4.315455842424466980e-06 -1.177647405376624340e-05 -4.864734490332978552e-06 8.543335514116783696e-06 1.181153856361517688e-05 9.822003649439251110e-06 7.605989494993172290e-06 1.866961589800734951e-06 -1.922159695521914604e-06
-1.591315720488139425e-05 4.368446405546736110e-06 4.641281160934990300e-04 -1.173149996428023435e-07 -3.653407551208621256e-06 1.015114288117481331e-06 1.307256760846995910e-06 3.465483320008124375e-07 -3.760913473551432766e-06 -1.874379348097131647e-07 1.130060706387973875e-06 7.897951243472135609e-07 8.905012402885826807e-07 3.396320401699874618e-07 2.598327357416571315e-08 1.018906952641830657e-06 3.792898880591776749e-05 1.773475666427534240e-06 4.460804862471954671e-06 7.946136246583537530e-06 3.560421317384249688e-05 9.683693903298180733e-06 8.205623799267593255e-06 8.537253077929636788e-06 8.591371251664736662e-06 8.606150496528937208e-06 8.355286684654421729e-06 3.602895131386910749e-06 -2.033218071458479752e-06 4.342170523976880155e-06 -7.333643595110553292e-06 -2.394788536265332914e-06 1.345218671610167891e-05 1.470915051166836095e-05 1.220725994164011238e-05 3.085405617710431177e-06 -1.195076288569945772e-05
-1.248113070813043189e-05 4.930241248312487768e-06 1.581021962306206725e-04 -3.689335609782757844e-07 -3.173025843186865407e-06 7.002033594186699549e-07 1.087575026697886973e-06 1.188303995618513099e-06 -8.557318349646110822e-08 -3.666739439065669617e-06 -1.810664356387384445e-07 8.656698005146087900e-07 9.427814850639917137e-07 9.247436889012755527e-07 -2.252825812085689213e-08 -2.374340755225447140e-06 1.244263929647004942e-05 1.336285742867543820e-06 4.408262603062653096e-06 6.388854391131612169e-06 9.683693903298180733e-06 2.979143652693473014e-05 1.014621223651980577e-05 9.232106192484846422e-06 9.303120199484501179e-06 9.287155609683531032e-06 9.349893233226065851e-06 8.144443253963005725e-06 4.342800780884647166e-06 2.834927127579261688e-06 6.872493960965098287e-06 -2.849208704485539606e-06 1.761560573256555288e-06 1.486101275143751865e-05 1.921335765586761326e-05 1.602044354938907047e-05 4.625321508168772677e-07
-1.171521860331468197e-05 6.421477171961183065e-06 1.272272755847289670e-04 -2.904229703053975733e-07 -3.318874152598250416e-06 6.687307899883498430e-07 1.126109722806013908e-06 1.246158578160868828e-06 1.221598615803388554e-06 3.271346666001514605e-07 -3.781835693644067053e-06 1.640617232629679476e-07 1.082965020292362319e-06 6.203695760721324651e-07 -2.433852859360139769e-07 -1.279257864708926358e-06 1.842263576269933956e-05 6.638371839203770993e-07 4.193083161779618378e-06 6.557152554240956445e-06 8.205623799267591561e-06 1.014621223651980577e-05 2.606853078328408036e-05 1.062352558487618832e-05 9.992433253107444076e-06 1.030992395490005936e-05 1.036419946461982184e-05 8.760779001865522404e-06 9.363658146337941823e-06 8.282668917420306351e-06 6.731601480455347470e-06 9.979288954485012611e-06 -1.424419661713905342e-07 2.953511963910030661e-06 1.944703277140631819e-05 1.433734748080992550e-05 3.859754120801522177e-06
-4.097553265014644074e-06 8.136607321999485254e-06 -1.225434191270287874e-04 -3.325440245495646351e-07 -3.259601896043526258e-06 3.067201823409145168e-07 9.994544693466459354e-07 1.132339143117785598e-06 1.199500652835820716e-06 1.605458078444760160e-06 9.283091217693895862e-07 -3.980591109916254482e-06 1.722183904816138539e-07 7.996682541844123927e-07 1.420336533630202143e-07 -1.975243056350887282e-06 2.068670681063462292e-06 8.096301142476875953e-07 3.988096534977245956e-06 6.671542901421830109e-06 8.537253077929636788e-06 9.232106192484846422e-06 1.062352558487618832e-05 2.364109034991695313e-05 1.168787047760207853e-05 1.137383159240930801e-05 1.145235394237951971e-05 1.087080394326138989e-05 1.254644244940206027e-05 1.149191704745281761e-05 9.992108966650024233e-06 8.941963664042060702e-06 1.317014053399679926e-05 2.458996113594485274e-06 9.263093115040520358e-06 1.631224502970120949e-05 2.458739776912701694e-05
-3.154962184249849975e-05 6.117111376413075128e-06 6.510349430348029854e-05 -2.132504797330727615e-07 -2.259316923550449224e-06 -3.123158698111875752e-08 7.681339078686871011e-07 1.003354410533521282e-06 1.254319308155859517e-06 1.665573451481086474e-06 1.900009071008660273e-06 9.620630412271718476e-07 -4.797771259329905008e-06 6.339327746508354107e-07 3.974600995523670216e-07 -3.181830120544267971e-06 2.741738305799085963e-08 5.444549187055984373e-07 3.714704699861289765e-06 6.634763485601644098e-06 8.591371251664736662e-06 9.303120199484501179e-06 9.992433253107444076e-06 1.168787047760207853e-05 2.219781384009876120e-05 1.245745664395623255e-05 1.252059311049577243e-05 1.473060444328953128e-05 1.763322302877624905e-05 1.865594792406291016e-05 1.771190120055200618e-05 1.769958477579607233e-05 1.846660869341293324e-05 1.908000436747099492e-05 9.236492471546494542e-06 1.588080830448644436e-05 8.076901159400111456e-06
-3.773600520144070421e-05 6.526131605375112199e-06 -2.745751073089615140e-04 -4.058125846808174572e-07 -8.670178591436368891e-07 -3.471171748366771951e-07 4.763202158167845060e-07 7.479638454052722378e-07 8.951574310157212243e-07 1.542547434699985448e-06 1.734949979457190729e-06 1.720417962509162107e-06 1.269464478009470018e-06 -4.262482014294618847e-06 4.293623263867077519e-07 -2.928197619716329114e-06 -1.483613985863921816e-06 3.661267111482274742e-07 3.417108365430701036e-06 6.419827017479271564e-06 8.606150496528937208e-06 9.287155609683531032e-06 1.030992395490006275e-05 1.137383159240930801e-05 1.245745664395623255e-05 2.013960780991680232e-05 1.357559486988640559e-05 1.900760300252602399e-05 2.265136579722985510e-05 2.571528939738672100e-05 2.487982687130774905e-05 2.585934989238513660e-05 2.797035032365459490e-05 2.695718691128492798e-05 3.110323211526526481e-05 1.144711217430134421e-05 3.130106437040016141e-05
-6.965848554946299813e-05 4.756976092202557377e-06 -5.726069770599289755e-04 -4.991202582855604506e-07 2.271960464873632494e-06 -9.621257035714431845e-07 -1.314592174959828479e-07 2.402060729853066788e-07 5.117157683416850771e-07 1.070589862371257964e-06 1.436309060727973738e-06 1.675599313300638508e-06 1.767223409354522142e-06 1.797325425404342336e-06 -3.889853927310425788e-06 -4.649049465399017794e-06 1.042949525448394612e-05 1.163924768632568513e-07 3.013897839247234046e-06 6.068047302420451939e-06 8.355286684654421729e-06 9.349893233226065851e-06 1.036419946461982015e-05 1.145235394237951971e-05 1.252059311049577243e-05 1.357559486988640559e-05 1.919705463448941643e-05 2.700416901748183162e-05 3.282745479971588894e-05 3.667900510086312415e-05 3.629058772193144498e-05 3.822312066432137235e-05 4.140251161243778622e-05 4.329614375973283723e-05 4.827095355123091954e-05 5.636212367924495296e-05 6.564732521526262811e-05
-7.201590009104795378e-04 -4.656213302665224699e-05 -1.158037736456704429e-02 3.296179931789027741e-06 1.036138363083972887e-04 4.564799649552748929e-06 -4.137625375119363279e-06 -2.213204576254380427e-06 -5.743122323135941900e-06 -6.763554894618618644e-06 -4.617728956888178700e-06 -1.542824398933319624e-06 7.716717825705387149e-07 6.050318769232311615e-06 1.205851092525999292e-05 -6.084061149000766379e-05 -1.773837263362366859e-04 -1.597050153521487276e-05 -1.081357771445994561e-06 -5.030004787173687299e-06 3.602895131386910749e-06 8.144443253963005725e-06 8.760779001865524098e-06 1.087080394326138989e-05 1.473060444328953128e-05 1.900760300252602399e-05 2.700416901748183162e-05 5.512461918144600679e-04 2.922746978043807664e-04 2.580341863854866105e-04 3.107515713304641195e-04 3.306804320210325805e-04 3.517668827924688387e-04 4.042353648600315323e-04 4.589234617291286424e-04 5.153881531316334376e-04 6.955175623164996674e-04
-8.999973198438406853e-04 -5.475142753000332749e-05 -1.106350593253335214e-02 2.763211158900573579e-06 1.116111053429231180e-04 -7.245455995599387678e-06 7.962538371850824647e-07 -1.128068272563093977e-05 -4.171836298933378405e-06 -4.636970593276866460e-06 -3.891857997835108368e-06 -8.178276740492431518e-07 1.745776484332760398e-06 7.917210694994629520e-06 1.117275461346754397e-05 -7.403613535471420645e-05 -2.015405545660800371e-06 -2.364112189568400570e-07 -2.498989390970394626e-05 4.315455842424466980e-06 -2.033218071458479752e-06 4.342800780884647166e-06 9.363658146337941823e-06 1.254644244940206027e-05 1.763322302877624905e-05 2.265136579722985510e-05 3.282745479971588894e-05 2.922746978043807664e-04 6.175599226972202250e-04 4.401212371599437252e-04 3.165498713325123892e-04 3.458771007937855042e-04 3.778672607076498510e-04 4.443484297874418639e-04 4.928238127840648590e-04 5.676962294094768961e-04 7.538321880983939183e-04
-9.514400070932298777e-04 -4.864676596772822445e-05 -1.190790789145864184e-02 2.906880536445231625e-06 1.172207020658743413e-04 -1.475280945065430309e-05 -7.865843616254197094e-06 -5.875610353697694142e-06 -1.076768729417781521e-05 -4.612096327744141503e-06 -2.359878790190008956e-06 2.038481615784485025e-06 3.923426192527394614e-06 8.542635831407495924e-06 1.351980544438914004e-05 -9.065952696381084476e-05 2.829480732126724582e-04 3.724005426684333413e-06 -1.209243673292036005e-05 -1.177647405376624340e-05 4.342170523976880155e-06 2.834927127579261688e-06 8.282668917420302963e-06 1.149191704745281761e-05 1.865594792406291016e-05 2.571528939738672100e-05 3.667900510086312415e-05 2.580341863854866105e-04 4.401212371599437252e-04 6.874814358474962096e-04 4.522109114000302430e-04 3.611603103020829294e-04 3.942199342382261286e-04 4.612083079555141774e-04 5.034810366877283351e-04 5.728031621508795131e-04 7.967188056930191078e-04
-9.033581869222482349e-04 -3.944667524933600773e-05 -1.301594329911332816e-02 3.096842569909575197e-06 1.184934423430029573e-04 -1.382369266248967160e-05 -1.588736000763327149e-05 -9.913540187371399615e-06 -4.714607878874353705e-06 -8.877357032002684993e-06 -2.410819074598342182e-06 2.633848205379908614e-06 4.693771299553849462e-06 1.067687520112677493e-05 1.622583119943436604e-05 -1.051652139344402858e-04 1.315742206580100906e-04 3.228825514086954411e-07 5.121513418783213439e-06 -4.864734490332978552e-06 -7.333643595110553292e-06 6.872493960965098287e-06 6.731601480455346623e-06 9.992108966650024233e-06 1.771190120055200618e-05 2.487982687130774905e-05 3.629058772193144498e-05 3.107515713304641195e-04 3.165498713325123892e-04 4.522109114000302430e-04 6.221766756583567383e-04 5.025101669348719163e-04 3.827100195719771499e-04 4.335005114082428682e-04 5.127989707056242446e-04 5.821229833018453509e-04 8.451074367933189601e-04
-9.945537736648862957e-04 -3.702402098722019799e-05 -1.301446131178420583e-02 2.937329228738489444e-06 1.234218865857447027e-04 -1.388603247390044268e-05 -1.642525108292149932e-05 -1.763895257347959157e-05 -8.637652503584360915e-06 -3.425803312233817127e-06 -7.216022781713738313e-06 2.969521034007900246e-06 4.631134276001927680e-06 1.097458550531115095e-05 1.766456241862133771e-05 -1.166071085720943253e-04 9.178076417425228407e-05 -1.129794886817987178e-06 4.131604462961738842e-06 8.543335514116783696e-06 -2.394788536265332914e-06 -2.849208704485539606e-06 9.979288954485012611e-06 8.941963664042060702e-06 1.769958477579607233e-05 2.585934989238513660e-05 3.822312066432137235e-05 3.306804320210325805e-04 3.458771007937855042e-04 3.611603103020829294e-04 5.025101669348719163e-04 7.297469937703412752e-04 5.886567866076433979e-04 4.638724034571947838e-04 5.345148806701680152e-04 6.165315237918597355e-04 8.467211354201007378e-04
-1.131596807431668088e-03 -3.504450716002609136e-05 -1.233468155595077512e-02 2.337365995530967952e-06 1.266943471834656282e-04 -1.416662037965422320e-05 -1.596311628232315247e-05 -2.022010108703153333e-05 -1.945723288639773777e-05 -7.121351733682645292e-06 1.815766220790505686e-06 -9.859433793623247767e-07 6.156828443576368670e-06 1.236506070738200707e-05 2.076608696135386975e-05 -1.293391309074000352e-04 -1.453387318305104817e-04 9.396860058567783850e-08 1.019645005475301779e-06 1.181153856361517688e-05 1.345218671610167891e-05 1.761560573256555288e-06 -1.424419661713894224e-07 1.317014053399679926e-05 1.846660869341293324e-05 2.797035032365459490e-05 4.140251161243778622e-05 3.517668827924688387e-04 3.778672607076498510e-04 3.942199342382261286e-04 3.827100195719771499e-04 5.886567866076433979e-04 8.851517788202835834e-04 7.439217247832976502e-04 5.786714716689537888e-04 6.498775370466047634e-04 8.399131210075844525e-04
-1.399811757608693816e-03 -5.350582421397504830e-05 -1.218503188014783897e-02 2.111786870242770086e-06 1.439634518424728242e-04 -1.511356204450218083e-05 -1.728638849517977563e-05 -2.233928429258667865e-05 -2.380608980451048948e-05 -2.041159996321867122e-05 -4.236094007642263526e-06 9.170310434836110084e-06 4.839334740059576703e-06 1.667878345383414480e-05 2.524840347916437180e-05 -1.400288397680267318e-04 -4.449101512741492070e-04 9.377241261759578536e-07 -1.147649968208283734e-06 9.822003649439251110e-06 1.470915051166836095e-05 1.486101275143751865e-05 2.953511963910031084e-06 2.458996113594485274e-06 1.908000436747099492e-05 2.695718691128492798e-05 4.329614375973283723e-05 4.042353648600315323e-04 4.443484297874418639e-04 4.612083079555141774e-04 4.335005114082428682e-04 4.638724034571947838e-04 7.439217247832976502e-04 1.234176333318965334e-03 9.653648597716800884e-04 7.533531749117942586e-04 9.813987030383643662e-04
-1.523913027495288385e-03 -5.735555524902379059e-05 -1.514264320939654775e-02 -6.237340690213138677e-07 1.594746687144835248e-04 -1.312845573631976268e-05 -1.806448905267134402e-05 -2.228271488849920557e-05 -2.328025464024731107e-05 -2.433207772804854265e-05 -1.927658703723647519e-05 2.273747265385434898e-06 2.376338109243521972e-05 1.893710553619693695e-05 2.982487037656127431e-05 -1.995632363217574512e-04 -1.132277975732988873e-03 8.261010264378174951e-07 -2.288607910809389313e-07 7.605989494993172290e-06 1.220725994164011238e-05 1.921335765586761326e-05 1.944703277140632158e-05 9.263093115040520358e-06 9.236492471546494542e-06 3.110323211526526481e-05 4.827095355123091954e-05 4.589234617291286424e-04 4.928238127840648590e-04 5.034810366877283351e-04 5.127989707056242446e-04 5.345148806701680152e-04 5.786714716689537888e-04 9.653648597716800884e-04 1.917512308519604735e-03 1.263421793687851584e-03 9.682553001085375272e-04
-2.039711964208644826e-03 -1.064301773662972229e-04 -1.470468704611254014e-02 -1.083496960954105394e-05 1.766841246963073478e-04 -1.684213703218557194e-05 -2.045808405584974019e-05 -2.351683911884528690e-05 -2.155974246233441930e-05 -2.627843251110023590e-05 -1.911678588327528339e-05 -8.986111334850860753e-06 1.142501038823635425e-05 6.473809294763755850e-05 1.416074856746065918e-05 -2.414011868485426348e-04 -1.723684668023864157e-03 4.130785152271365470e-06 -4.199889381429994298e-06 1.866961589800734951e-06 3.085405617710431177e-06 1.602044354938907047e-05 1.433734748080992550e-05 1.631224502970120949e-05 1.588080830448644436e-05 1.144711217430134421e-05 5.636212367924495296e-05 5.153881531316334376e-04 5.676962294094768961e-04 5.728031621508795131e-04 5.821229833018453509e-04 6.165315237918597355e-04 6.498775370466047634e-04 7.533531749117942586e-04 1.263421793687851584e-03 4.036249309515661798e-03 2.017956968264799072e-03
-3.856949116538597056e-03 -3.623862111865334534e-04 -9.463052649890413628e-03 -3.769043188920245439e-05 2.536885520779304237e-04 -2.724193295495173968e-05 -2.533475956702627884e-05 -3.270870812793129860e-05 -2.250082435814176817e-05 -2.120144660714512827e-05 -1.725455566822149282e-05 -2.594626578256725187e-05 9.669907589587318087e-06 3.083351735568862171e-06 2.132131041291068872e-05 -7.202200969388364467e-05 2.449504891764817290e-03 -1.843232237029489298e-05 -1.805530790162724179e-05 -1.922159695521914604e-06 -1.195076288569945772e-05 4.625321508168772677e-07 3.859754120801528106e-06 2.458739776912701694e-05 8.076901159400111456e-06 3.130106437040016141e-05 6.564732521526262811e-05 6.955175623164996674e-04 7.538321880983939183e-04 7.967188056930191078e-04 8.451074367933189601e-04 8.467211354201007378e-04 8.399131210075844525e-04 9.813987030383643662e-04 9.682553001085375272e-04 2.017956968264799072e-03 3.306627060701945731e-02
