# As_1e9 ns H0 omegab omegam LSST_DZ_S1 LSST_DZ_S2 LSST_DZ_S3 LSST_DZ_S4 LSST_DZ_S5 LSST_DZ_S6 LSST_DZ_S7 LSST_DZ_S8 LSST_DZ_S9 LSST_DZ_S10 LSST_A1_1 LSST_A1_2 LSST_M1 LSST_M2 LSST_M3 LSST_M4 LSST_M5 LSST_M6 LSST_M7 LSST_M8 LSST_M9 LSST_M10
1.849044748564712681e-02 1.355878217447357027e-03 -1.511210792848913520e-01 5.701146539514930684e-06 -5.440340866703154447e-04 2.553800512583847280e-05 2.632173399794414135e-05 1.882482832521773395e-05 1.044241068433504258e-05 2.105047934241197153e-05 2.640838837421611689e-05 1.644401847731042108e-05 1.634132884711780859e-05 1.849082323927831573e-05 -2.169415330723062832e-05 -1.303726433316007485e-03 -1.043499737659468393e-02 1.305737358436463626e-05 3.098563005053106404e-05 4.312384506572773581e-05 4.314391725286031260e-05 6.295630189219151615e-06 -2.957353476137770644e-05 -5.026407547029839844e-05 -8.470180614616909347e-05 -1.308473042511631523e-04 -2.046390088257398930e-04
1.355878217447357027e-03 2.331152568865759150e-04 -1.646543575611006394e-02 2.170672995262907810e-05 1.556126261927633891e-07 -7.888954902669672372e-08 -8.554985777626961305e-07 -1.960466793863519853e-06 -2.163944275726314165e-06 -1.246515326994148124e-06 -7.370036129693420384e-07 -8.675369742541099170e-07 -4.045877416981058771e-07 4.647316659926280751e-07 2.683304348403432365e-06 1.071085503266120043e-05 -3.382815289759737100e-04 -1.473096940195938672e-06 -2.416082031429148583e-06 -6.060081913020035231e-07 1.494797092023950178e-07 -5.120018688344935033e-08 -6.469542273527756571e-07 5.963484573275245897e-07 1.171740135758933628e-06 1.378109623287643342e-06 1.395165828493281415e-06
-1.511210792848913520e-01 -1.646543575611006394e-02 5.170397410794562276e+00 3.930515540810154348e-03 -5.818185435510450643e-03 1.724678516466737700e-04 3.331451795783560606e-04 4.268061830114193932e-04 4.036991256101898776e-04 3.912917361149613493e-04 2.804302704952943187e-04 9.826811946092052757e-05 1.837946781438344179e-04 2.408912385951962479e-04 -1.829400833343695226e-04 -1.370232807390042284e-03 -1.457735533426240959e-02 1.862539332813628839e-04 7.882192228101762843e-04 1.049413691956098231e-03 1.079167113392918553e-03 1.015860497937417584e-03 9.770765752521951703e-04 8.201759736680773981e-04 3.497900056375740632e-04 -5.520180004308333197e-05 -5.169327144047749243e-04
5.701146539514930684e-06 2.170672995262907810e-05 3.930515540810154348e-03 1.798711477546785276e-05 9.088448075399505733e-06 -3.757951874183549471e-07 -8.109396689123820099e-07 -9.958056502453140998e-07 -9.296598351354329035e-07 -4.367991558479879230e-07 -5.870907202355933893e-07 -6.405934158143120587e-07 -2.279673650585524690e-07 4.652390782051176370e-08 6.390344230734030042e-07 -1.642248238299966758e-06 -1.533218429720851456e-05 -3.034893627630536423e-07 -7.626963400633318908e-07 -1.095183655709483281e-06 -1.295408921542945347e-06 -1.483672687748418198e-06 -9.194143299267146392e-07 -4.537524468235317291e-07 -1.636720298107009355e-07 3.129772140636619832e-07 1.057867159018389562e-06
-5.440340866703154447e-04 1.556126261927633891e-07 -5.818185435510450643e-03 9.088448075399505733e-06 7.296917923694921536e-05 -2.890114978862215578e-06 -4.466646694846090956e-06 -4.705078999500104992e-06 -4.063223503920539034e-06 -3.965192632402360255e-06 -4.059877569948339919e-06 -2.674337738108160024e-06 -2.376986394083587594e-06 -2.380954885802570369e-06 2.649700744259009509e-06 7.660080257931499664e-05 7.041081735363765139e-04 -1.876129057897357477e-06 -6.535184859222227507e-06 -9.766636072085941865e-06 -1.074938558536716301e-05 -8.980979186107577162e-06 -6.082804777915674258e-06 -3.892902801857192182e-06 3.984517910070551587e-07 5.485583837027815892e-06 1.294454183805599549e-05
2.553800512583847280e-05 -7.888954902669672372e-08 1.724678516466737700e-04 -3.757951874183549471e-07 -2.890114978862215578e-06 1.380233102419270239e-05 4.978684610257292343e-06 2.903466733156057932e-06 1.379911736335698768e-06 5.816675618688439795e-07 -4.818300730797638427e-07 -9.098841345893927420e-07 -6.746264119042881962e-07 -2.874971965912679538e-07 5.730244748533866559e-07 1.687803993116597539e-05 -6.849214660337268109e-04 -6.341735591925436675e-06 8.604731333731065894e-07 9.084868560904213308e-07 1.423122060676074549e-06 1.350836847049005080e-06 1.701043978184439910e-06 1.275534572892747476e-06 5.706565269913177574e-07 -1.065290367761290886e-07 -1.125447415833400590e-06
2.632173399794414135e-05 -8.554985777626961305e-07 3.331451795783560606e-04 -8.109396689123820099e-07 -4.466646694846090956e-06 4.978684610257292343e-06 9.507477365926399063e-06 2.589199124117614253e-06 1.927564298501754217e-06 1.557068314143874188e-06 7.862358525540191766e-07 3.699390434422084380e-07 1.134351345049600210e-07 -1.955820886316541001e-08 -1.027890000961299361e-07 1.891968325649478130e-05 -2.624827821555553013e-04 1.516431542847635256e-06 -1.192214954904321882e-05 1.310015732665088209e-06 1.734305004919644640e-06 1.556658607228788410e-06 2.025278872407369404e-06 1.859133279822027934e-06 1.588369777831373703e-06 1.152026091220724115e-06 3.939326262327990424e-07
1.882482832521773395e-05 -1.960466793863519853e-06 4.268061830114193932e-04 -9.958056502453140998e-07 -4.705078999500104992e-06 2.903466733156057932e-06 2.589199124117614253e-06 9.990766066105464559e-06 2.003430051855172524e-06 1.925443497378818063e-06 1.747597443463552274e-06 1.240034565775806486e-06 8.540924746691756371e-07 5.522460190883515948e-08 -3.734007746782381773e-07 2.062883446946128330e-05 -3.214934907687586464e-05 5.943041741693919467e-07 1.479813461570108888e-06 -1.373669919334233012e-05 1.751320092193840212e-06 1.441828695039186198e-06 1.523620726072790961e-06 1.727581054579328476e-06 1.585220777182300935e-06 1.606866131743541703e-06 1.072243600270803905e-06
1.044241068433504258e-05 -2.163944275726314165e-06 4.036991256101898776e-04 -9.296598351354329035e-07 -4.063223503920539034e-06 1.379911736335698768e-06 1.927564298501754217e-06 2.003430051855172524e-06 1.116123757574705130e-05 2.058016740310976058e-06 1.975796600399835284e-06 1.577690738060547415e-06 1.217108500293185297e-06 5.643242653304425609e-07 -4.731206293068745801e-07 2.181986697974696177e-05 1.177282677906373975e-04 3.195789451630225996e-07 9.191421599833005972e-07 1.561540640636961826e-06 -1.309682355150041193e-05 1.445881221112100744e-06 1.482053555037181720e-06 1.673124312137265727e-06 1.736888621185957360e-06 1.801382900193532244e-06 1.654437488447975639e-06
2.105047934241197153e-05 -1.246515326994148124e-06 3.912917361149613493e-04 -4.367991558479879230e-07 -3.965192632402360255e-06 5.816675618688439795e-07 1.557068314143874188e-06 1.925443497378818063e-06 2.058016740310976058e-06 1.218633599492012726e-05 2.463341246357470880e-06 2.051071766582253422e-06 1.718897531773557508e-06 7.068242696342501181e-07 -3.821660916597510459e-07 1.786047204790114254e-05 1.853339781891434916e-04 -4.655969053716194627e-09 5.149225452300847228e-07 1.227905882745300987e-06 1.665243566258291493e-06 -1.181085182761203861e-05 1.049392895765384075e-06 1.400107154658332490e-06 1.588328581899613917e-06 1.862081881725811047e-06 1.716193704080624202e-06
2.640838837421611689e-05 -7.370036129693420384e-07 2.804302704952943187e-04 -5.870907202355933893e-07 -4.059877569948339919e-06 -4.818300730797638427e-07 7.862358525540191766e-07 1.747597443463552274e-06 1.975796600399835284e-06 2.463341246357470880e-06 1.300839546693115275e-05 2.342380950347003504e-06 2.062646775751220298e-06 1.153714082378113082e-06 -3.263837115976262169e-07 1.426571741847335074e-05 2.371259080355562013e-04 2.577539259765841739e-08 9.435062254309358210e-07 5.753914003784634948e-07 1.377990707273837325e-06 9.152797621882380487e-07 -1.019326681746010967e-05 1.049612372884777227e-06 1.167861752551359612e-06 1.541354283802858108e-06 1.588455199794470449e-06
1.644401847731042108e-05 -8.675369742541099170e-07 9.826811946092052757e-05 -6.405934158143120587e-07 -2.674337738108160024e-06 -9.098841345893927420e-07 3.699390434422084380e-07 1.240034565775806486e-06 1.577690738060547415e-06 2.051071766582253422e-06 2.342380950347003504e-06 1.350958157282687935e-05 2.176277317267686987e-06 1.643256541742388602e-06 4.106994801592630635e-07 8.503883433410126951e-06 2.185805334670219517e-04 -1.192088057514007037e-07 5.599774065147532801e-07 2.700121444033636166e-07 7.044553497648447177e-07 5.070183293581568404e-07 5.523948668598555515e-07 -8.679248945548346939e-06 6.785208703726822642e-07 9.616500523329071508e-07 1.196412389925630446e-06
1.634132884711780859e-05 -4.045877416981058771e-07 1.837946781438344179e-04 -2.279673650585524690e-07 -2.376986394083587594e-06 -6.746264119042881962e-07 1.134351345049600210e-07 8.540924746691756371e-07 1.217108500293185297e-06 1.718897531773557508e-06 2.062646775751220298e-06 2.176277317267686987e-06 1.521349575806219951e-05 2.297288054159041111e-06 1.228082584448709006e-06 -1.490540235406167238e-06 1.328253689178127649e-04 -3.030464010300273425e-07 4.738286101483740090e-07 5.914256089108432203e-07 7.727919779945597740e-07 5.400779656860172044e-07 5.397375370980546516e-07 5.747750917221440232e-07 -7.588034258952245021e-06 5.271396181145410210e-07 6.926095991979649743e-07
1.849082323927831573e-05 4.647316659926280751e-07 2.408912385951962479e-04 4.652390782051176370e-08 -2.380954885802570369e-06 -2.874971965912679538e-07 -1.955820886316541001e-08 5.522460190883515948e-08 5.643242653304425609e-07 7.068242696342501181e-07 1.153714082378113082e-06 1.643256541742388602e-06 2.297288054159041111e-06 1.751287252888273025e-05 2.320032423249971074e-06 -1.561381365447299515e-05 -4.538432257969221057e-05 -1.306224681921422179e-07 7.173132213281399219e-07 1.256657952424862105e-06 8.583080878658090305e-07 8.971976820888659547e-07 6.781612286191871064e-07 4.161532880265834872e-07 8.819535174599525014e-08 -6.192256502368228898e-06 -4.115588784191777794e-07
-2.169415330723062832e-05 2.683304348403431942e-06 -1.829400833343694684e-04 6.390344230734030042e-07 2.649700744259009085e-06 5.730244748533865500e-07 -1.027890000961301346e-07 -3.734007746782380715e-07 -4.731206293068747919e-07 -3.821660916597510459e-07 -3.263837115976261110e-07 4.106994801592630635e-07 1.228082584448709006e-06 2.320032423249971074e-06 2.201356479363543491e-05 -2.049484175208939808e-05 -2.349916956569867278e-04 -1.633383689813294599e-08 -2.164610837711485677e-07 3.387566035175381992e-08 2.264156496181311917e-07 3.043580440042779454e-07 3.838662671742952071e-07 1.465406984062105365e-07 -6.675755998764313925e-08 -1.825164472638824985e-07 -4.676704284415897754e-06
-1.303726433316007485e-03 1.071085503266120043e-05 -1.370232807390042284e-03 -1.642248238299966758e-06 7.660080257931499664e-05 1.687803993116597539e-05 1.891968325649478130e-05 2.062883446946128330e-05 2.181986697974696177e-05 1.786047204790114254e-05 1.426571741847335074e-05 8.503883433410126951e-06 -1.490540235406167238e-06 -1.561381365447299515e-05 -2.049484175208939808e-05 1.099618196593163530e-03 5.764011315280542433e-03 -1.647992800792254553e-06 -1.562611756772361185e-05 -2.769165067732273146e-05 -2.885528146176039342e-05 -2.343747852351936225e-05 -1.569132966818027959e-05 -6.827141191490403548e-06 5.115052324430164636e-06 1.853545351450325908e-05 3.579662257900506048e-05
-1.043499737659468393e-02 -3.382815289759737100e-04 -1.457735533426240959e-02 -1.533218429720851456e-05 7.041081735363765139e-04 -6.849214660337268109e-04 -2.624827821555553013e-04 -3.214934907687586464e-05 1.177282677906373975e-04 1.853339781891434916e-04 2.371259080355562013e-04 2.185805334670219517e-04 1.328253689178127649e-04 -4.538432257969221057e-05 -2.349916956569867278e-04 5.764011315280542433e-03 1.295041416800532252e-01 -1.492435034177956436e-04 -4.562639196597327590e-05 -1.221120529789944680e-04 -1.886355650422906114e-04 -2.004270558552843299e-04 -1.917646737901249879e-04 -1.188690649654114580e-04 -8.880396497894387200e-06 1.327120588243056959e-04 3.336814394350541058e-04
1.305737358436463796e-05 -1.473096940195938037e-06 1.862539332813627755e-04 -3.034893627630533776e-07 -1.876129057897357477e-06 -6.341735591925436675e-06 1.516431542847635256e-06 5.943041741693918408e-07 3.195789451630225996e-07 -4.655969053715977906e-09 2.577539259765830820e-08 -1.192088057514006375e-07 -3.030464010300273425e-07 -1.306224681921422179e-07 -1.633383689813294599e-08 -1.647992800792254553e-06 -1.492435034177956436e-04 9.447989200460555660e-05 3.352855839439290148e-07 1.298389186664990406e-06 1.327410201414150447e-06 1.269412556679125279e-06 8.385041821166247112e-07 7.600752716279691691e-07 4.347404608684622074e-07 2.164784729518902589e-07 -4.077130631165149766e-07
3.098563005053106404e-05 -2.416082031429148583e-06 7.882192228101762843e-04 -7.626963400633318908e-07 -6.535184859222227507e-06 8.604731333731065894e-07 -1.192214954904321882e-05 1.479813461570108888e-06 9.191421599833005972e-07 5.149225452300847228e-07 9.435062254309358210e-07 5.599774065147532801e-07 4.738286101483740090e-07 7.173132213281399219e-07 -2.164610837711485677e-07 -1.562611756772361185e-05 -4.562639196597327590e-05 3.352855839439290148e-07 7.979712202649126942e-05 2.693586148329513681e-06 3.622654081315226101e-06 3.842993502184171037e-06 2.704562072311810157e-06 2.610909128140028454e-06 1.878654304476702890e-06 1.230752134080164195e-06 4.488601725589721817e-07
4.312384506572773581e-05 -6.060081913020035231e-07 1.049413691956098231e-03 -1.095183655709483281e-06 -9.766636072085941865e-06 9.084868560904213308e-07 1.310015732665088209e-06 -1.373669919334233012e-05 1.561540640636961826e-06 1.227905882745300987e-06 5.753914003784634948e-07 2.700121444033636166e-07 5.914256089108432203e-07 1.256657952424862105e-06 3.387566035175381992e-08 -2.769165067732273146e-05 -1.221120529789944680e-04 1.298389186664990406e-06 2.693586148329513681e-06 6.484627575462439822e-05 5.376525508290015499e-06 6.206092059971799060e-06 6.235062293484934133e-06 5.862727172274745824e-06 4.988170798827469134e-06 3.840513163989322104e-06 2.644686438555434228e-06
4.314391725286033293e-05 1.494797092023954149e-07 1.079167113392918553e-03 -1.295408921542944712e-06 -1.074938558536716301e-05 1.423122060676074126e-06 1.734305004919644217e-06 1.751320092193840424e-06 -1.309682355150041193e-05 1.665243566258292129e-06 1.377990707273837748e-06 7.044553497648447177e-07 7.727919779945597740e-07 8.583080878658090305e-07 2.264156496181311917e-07 -2.885528146176039342e-05 -1.886355650422906114e-04 1.327410201414150447e-06 3.622654081315226101e-06 5.376525508290015499e-06 5.084728651341051354e-05 7.221182012408673882e-06 7.494679482750787460e-06 7.767365514622114785e-06 6.966808620831996712e-06 6.127071354659144331e-06 4.668009193847815420e-06
6.295630189219151615e-06 -5.120018688344935033e-08 1.015860497937417584e-03 -1.483672687748418198e-06 -8.980979186107577162e-06 1.350836847049005080e-06 1.556658607228788410e-06 1.441828695039186198e-06 1.445881221112100744e-06 -1.181085182761203861e-05 9.152797621882380487e-07 5.070183293581568404e-07 5.400779656860172044e-07 8.971976820888659547e-07 3.043580440042779454e-07 -2.343747852351936225e-05 -2.004270558552843299e-04 1.269412556679125279e-06 3.842993502184171037e-06 6.206092059971799060e-06 7.221182012408673882e-06 4.023061730388448158e-05 9.045772399337547926e-06 9.300121084888999983e-06 8.692934955706375591e-06 7.886767451019618353e-06 6.863596246145061974e-06
-2.957353476137770644e-05 -6.469542273527756571e-07 9.770765752521951703e-04 -9.194143299267146392e-07 -6.082804777915674258e-06 1.701043978184439910e-06 2.025278872407369404e-06 1.523620726072790961e-06 1.482053555037181720e-06 1.049392895765384075e-06 -1.019326681746010967e-05 5.523948668598555515e-07 5.397375370980546516e-07 6.781612286191871064e-07 3.838662671742952071e-07 -1.569132966818027959e-05 -1.917646737901249879e-04 8.385041821166247112e-07 2.704562072311810157e-06 6.235062293484934133e-06 7.494679482750787460e-06 9.045772399337547926e-06 3.245317125890946109e-05 1.034960266213665490e-05 1.030638286047072606e-05 9.800654526425167800e-06 9.077796736363378567e-06
-5.026407547029840522e-05 5.963484573275233191e-07 8.201759736680775065e-04 -4.537524468235317291e-07 -3.892902801857192182e-06 1.275534572892747476e-06 1.859133279822027934e-06 1.727581054579328476e-06 1.673124312137265303e-06 1.400107154658332279e-06 1.049612372884777015e-06 -8.679248945548350327e-06 5.747750917221440232e-07 4.161532880265834872e-07 1.465406984062105365e-07 -6.827141191490403548e-06 -1.188690649654114580e-04 7.600752716279691691e-07 2.610909128140028454e-06 5.862727172274745824e-06 7.767365514622114785e-06 9.300121084888999983e-06 1.034960266213665490e-05 2.723241237752046007e-05 1.162455310468969465e-05 1.161647060045546544e-05 1.122833649622214029e-05
-8.470180614616909347e-05 1.171740135758933628e-06 3.497900056375740632e-04 -1.636720298107009355e-07 3.984517910070551587e-07 5.706565269913177574e-07 1.588369777831373703e-06 1.585220777182300935e-06 1.736888621185957360e-06 1.588328581899613917e-06 1.167861752551359612e-06 6.785208703726822642e-07 -7.588034258952245021e-06 8.819535174599525014e-08 -6.675755998764313925e-08 5.115052324430164636e-06 -8.880396497894387200e-06 4.347404608684622074e-07 1.878654304476702890e-06 4.988170798827469134e-06 6.966808620831996712e-06 8.692934955706375591e-06 1.030638286047072606e-05 1.162455310468969465e-05 2.379241153962192195e-05 1.304285737329858456e-05 1.328811359450144759e-05
-1.308473042511631523e-04 1.378109623287643342e-06 -5.520180004308333197e-05 3.129772140636619832e-07 5.485583837027815892e-06 -1.065290367761290886e-07 1.152026091220724115e-06 1.606866131743541703e-06 1.801382900193532244e-06 1.862081881725811047e-06 1.541354283802858108e-06 9.616500523329071508e-07 5.271396181145410210e-07 -6.192256502368228898e-06 -1.825164472638824985e-07 1.853545351450325908e-05 1.327120588243056959e-04 2.164784729518902589e-07 1.230752134080164195e-06 3.840513163989322104e-06 6.127071354659144331e-06 7.886767451019618353e-06 9.800654526425167800e-06 1.161647060045546544e-05 1.304285737329858456e-05 2.146349165058677994e-05 1.544737327704701123e-05
-2.046390088257398930e-04 1.395165828493281626e-06 -5.169327144047749243e-04 1.057867159018389562e-06 1.294454183805599719e-05 -1.125447415833400378e-06 3.939326262327990424e-07 1.072243600270804117e-06 1.654437488447975639e-06 1.716193704080623779e-06 1.588455199794470661e-06 1.196412389925630446e-06 6.926095991979649743e-07 -4.115588784191777794e-07 -4.676704284415897754e-06 3.579662257900506048e-05 3.336814394350541058e-04 -4.077130631165149766e-07 4.488601725589721817e-07 2.644686438555434228e-06 4.668009193847815420e-06 6.863596246145061974e-06 9.077796736363378567e-06 1.122833649622214029e-05 1.328811359450144759e-05 1.544737327704701123e-05 2.207966744793720372e-05
