# As_1e9 ns H0 omegab omegam LSST_DZ_S1 LSST_DZ_S2 LSST_DZ_S3 LSST_DZ_S4 LSST_DZ_S5 LSST_DZ_S6 LSST_DZ_S7 LSST_DZ_S8 LSST_DZ_S9 LSST_DZ_S10 LSST_A1_1 LSST_A1_2 LSST_M1 LSST_M2 LSST_M3 LSST_M4 LSST_M5 LSST_M6 LSST_M7 LSST_M8 LSST_M9 LSST_M10
2.328517207069574074e-02 1.485616489410764235e-03 -1.384167351494286491e-01 2.359251919268028351e-05 -8.862352068717442100e-04 1.990318963708690290e-05 2.947795976030716063e-05 2.741180365898514696e-05 2.883793392570215960e-05 1.419320973493315403e-05 1.117759623944644983e-05 8.768613777385564841e-06 3.040523627368741091e-05 2.230036124273014302e-05 -2.306943081285783612e-05 -2.215743826669436516e-03 -1.484477463034329994e-02 1.012174410557170003e-05 3.626178692198139114e-05 5.963506182335704921e-05 5.457389630248650242e-05 5.749321811964064886e-05 2.766579605029782034e-05 -1.749070972762760008e-05 -8.692874699933171329e-05 -1.544883461031786845e-04 -2.867501573909895683e-04
1.485616489410764235e-03 2.664728590720109218e-04 -1.548196653631585783e-02 2.534743339610934115e-05 -1.152472356560524209e-05 -1.400211444117293483e-06 -6.879646932504201603e-07 3.048297305754530984e-07 3.998462863489104446e-07 -9.742803105381472151e-07 -1.531230964692732486e-06 -4.923672416145813829e-07 2.480032742081420566e-06 2.738765732835985237e-06 1.581965978405157344e-06 -1.684114482695667647e-06 -3.216112418290235702e-04 2.211184186425459748e-07 -1.034767517585841696e-06 -9.906274249942483819e-07 -1.385651059992140703e-07 2.869365489745164178e-06 3.978889952208079686e-06 3.318661243856941329e-06 1.258549364359205946e-06 1.450753474462906199e-06 1.908214976529218466e-06
-1.384167351494286491e-01 -1.548196653631585783e-02 5.186062716660797101e+00 3.778670850925894883e-03 -6.888530245150395991e-03 -1.034819168479384659e-04 3.488917878009598745e-04 4.349652093246226246e-04 2.348099955003186750e-04 2.756504526548879700e-04 3.817501147438246670e-04 2.422184488630078967e-04 7.691615825099765375e-05 -8.511912314629181166e-05 -2.965645621464026442e-04 -5.859468010402814732e-04 -2.006620570624720323e-02 3.244789128749396004e-04 3.546185727383255825e-04 7.162481921931454628e-04 1.117209063485005097e-03 1.070536166038775798e-03 7.870177378090812900e-04 6.559134760819614442e-04 5.067465036251364704e-04 1.288788993163278364e-04 -4.430984352532646962e-04
2.359251919268028351e-05 2.534743339610934115e-05 3.778670850925894883e-03 2.005826192882496334e-05 1.138663361379255287e-05 -7.638213121328018633e-07 -7.114043109172638851e-07 -3.552836385990413978e-07 -5.007657156500950051e-07 -4.713520593527458650e-07 -7.235868107904516279e-07 -5.212990931730383306e-07 8.553259359471582978e-08 -1.527408479685809148e-09 -3.427797746920252069e-07 2.165274022924726876e-06 2.543040103543140078e-05 1.620218416945830563e-07 -1.143068458056030855e-06 -1.700998462923815456e-06 -1.779931049783541446e-06 -1.297379729036744618e-06 -7.154211000183103673e-07 -4.988204274840437305e-07 -3.305481041729066980e-07 3.709167166984478975e-07 1.658916115206230947e-06
-8.862352068717442100e-04 -1.152472356560524209e-05 -6.888530245150395991e-03 1.138663361379255287e-05 1.036321566710113014e-04 -1.718958651141245085e-06 -4.593678490778401533e-06 -4.449380023190489424e-06 -3.994064757840849147e-06 -3.205998233918185128e-06 -3.812989679702643581e-06 -2.757463352053055080e-06 -2.747397158570951675e-06 -1.598340163549354136e-06 1.606811321303663324e-06 1.391130512257607831e-04 1.095442754652787166e-03 -1.907427170601702380e-06 -5.664504966171509085e-06 -1.018740190675265230e-05 -1.232456463199809603e-05 -1.228681258221152524e-05 -8.917958642035990114e-06 -5.707989111380513688e-06 -6.665597897243406848e-07 5.835981422300758802e-06 1.806924307975679581e-05
1.990318963708690290e-05 -1.400211444117293483e-06 -1.034819168479384659e-04 -7.638213121328018633e-07 -1.718958651141245085e-06 1.611203349887547825e-05 4.623084097134957821e-06 2.490422250732845221e-06 8.583557593840868114e-07 -2.366556950218632211e-07 -8.884922999832389806e-07 -1.306078620014036424e-06 -1.038245947477757060e-06 -3.433630654668986952e-08 3.167198564660342985e-07 4.047500727145963989e-07 -9.780473168849110072e-04 -4.737770198328057848e-06 1.313102811701170385e-06 6.898729626776625889e-07 1.253993132285046122e-06 1.178325299584778614e-06 1.017189245982095559e-06 6.372528147656405545e-07 1.015389093021114474e-07 -8.281239163566607959e-07 -1.800585736623571782e-06
2.947795976030716063e-05 -6.879646932504201603e-07 3.488917878009598745e-04 -7.114043109172638851e-07 -4.593678490778401533e-06 4.623084097134957821e-06 1.107220954087750150e-05 2.219112267257790442e-06 1.615041511550113082e-06 1.211836450183036902e-06 5.531582702105725851e-07 2.113053287964728332e-07 -2.133962232564821609e-07 -4.514613793534820229e-08 -1.337873549945477245e-07 1.614774941544190365e-05 -3.187457213860772826e-04 1.635435836611138528e-06 -1.073021078927517501e-05 1.506443096007864002e-06 1.616754135989837500e-06 1.433635793526653168e-06 1.848421747074333456e-06 1.556450481972255640e-06 1.430919516754760562e-06 8.879876260690602012e-07 7.465612128725671115e-08
2.741180365898514696e-05 3.048297305754530984e-07 4.349652093246226246e-04 -3.552836385990413978e-07 -4.449380023190489424e-06 2.490422250732845221e-06 2.219112267257790442e-06 1.121369697387624438e-05 1.716039223610276061e-06 1.607550286809996376e-06 1.446900428163230379e-06 5.374938737396681839e-07 5.835009038726246685e-07 1.023960083256042577e-07 -4.704319970751985816e-07 2.096784092618731100e-05 -5.408883813000927801e-05 9.368682125795623591e-07 1.436345211545844667e-06 -1.317663145303124687e-05 1.450002417696818715e-06 1.278839736346579919e-06 1.401685816849147422e-06 1.946139030376241669e-06 1.600600366000702432e-06 1.429124670427895979e-06 1.036469856513502577e-06
2.883793392570215960e-05 3.998462863489104446e-07 2.348099955003186750e-04 -5.007657156500950051e-07 -3.994064757840849147e-06 8.583557593840868114e-07 1.615041511550113082e-06 1.716039223610276061e-06 1.245735272342875036e-05 1.775364117333345729e-06 1.633379571233373470e-06 1.468081409349933004e-06 1.164618957458157670e-06 4.034530278860634826e-07 4.365443254089863073e-08 2.395426035506726607e-05 1.619542335416411462e-04 3.106487348148763001e-07 1.266358373472830248e-06 1.833210279011540184e-06 -1.379308880407440312e-05 1.501917485208693646e-06 1.638848316239984359e-06 1.628691472702354585e-06 1.863359476266616732e-06 2.089246879095443836e-06 1.814295609708180312e-06
1.419320973493315403e-05 -9.742803105381472151e-07 2.756504526548879700e-04 -4.713520593527458650e-07 -3.205998233918185128e-06 -2.366556950218632211e-07 1.211836450183036902e-06 1.607550286809996376e-06 1.775364117333345729e-06 1.334593849219361295e-05 1.996378730911402567e-06 1.414383178150727955e-06 1.367251130982149512e-06 6.238217463900368256e-07 -3.058429760952725057e-07 2.412462877902030731e-05 2.451220007183602285e-04 3.365750866280563773e-07 5.817263393201811171e-07 1.337395067801353834e-06 1.423933354062869866e-06 -1.328788211537362697e-05 1.254546124094552848e-06 1.847768780414909087e-06 1.702143140238674590e-06 2.030676758705832199e-06 2.099984888065223269e-06
1.117759623944644983e-05 -1.531230964692732486e-06 3.817501147438246670e-04 -7.235868107904516279e-07 -3.812989679702643581e-06 -8.884922999832389806e-07 5.531582702105725851e-07 1.446900428163230379e-06 1.633379571233373470e-06 1.996378730911402567e-06 1.505668572460037406e-05 1.763058278177503549e-06 1.781834549570545193e-06 8.231923912330011276e-07 -9.410760799584399857e-08 2.031341891128543133e-05 2.889163090241751285e-04 -3.491398640051587595e-08 9.581922285253632534e-07 9.206124311092614403e-07 1.634105117305416345e-06 1.255949761987602194e-06 -1.226773640726450967e-05 1.623629667048989577e-06 1.627738156446355047e-06 1.994013654177332773e-06 2.015367592322229095e-06
8.768613777385564841e-06 -4.923672416145813829e-07 2.422184488630078967e-04 -5.212990931730383306e-07 -2.757463352053055080e-06 -1.306078620014036424e-06 2.113053287964728332e-07 5.374938737396681839e-07 1.468081409349933004e-06 1.414383178150727955e-06 1.763058278177503549e-06 1.627348552096951318e-05 1.680875901152954253e-06 6.560047675893190226e-07 2.228806618004344457e-07 1.351287816280326339e-05 2.708924150642727817e-04 -3.131254496954620863e-08 4.625875107574577130e-07 1.465271272151267114e-06 1.006460860063687266e-06 1.544724471277769364e-06 1.324379153160217396e-06 -1.108033355557308078e-05 1.306193848698744379e-06 1.810398891738574996e-06 1.799429829758217706e-06
3.040523627368741091e-05 2.480032742081420566e-06 7.691615825099765375e-05 8.553259359471582978e-08 -2.747397158570951675e-06 -1.038245947477757060e-06 -2.133962232564821609e-07 5.835009038726246685e-07 1.164618957458157670e-06 1.367251130982149512e-06 1.781834549570545193e-06 1.680875901152954253e-06 1.769280242453367537e-05 1.683971462142607440e-06 9.560581988969350734e-07 -2.432174753579063470e-06 1.259466841714713384e-04 -5.591898955446324834e-09 8.429367407473459401e-07 7.386504012274092737e-07 6.692353243500184794e-07 9.956255597563137196e-07 9.493664871315661855e-07 1.271116783867865927e-06 -9.470511030714097680e-06 8.963489620637912649e-07 1.076334902214089428e-06
2.230036124273014302e-05 2.738765732835985237e-06 -8.511912314629181166e-05 -1.527408479685809148e-09 -1.598340163549354136e-06 -3.433630654668986952e-08 -4.514613793534820229e-08 1.023960083256042577e-07 4.034530278860634826e-07 6.238217463900368256e-07 8.231923912330011276e-07 6.560047675893190226e-07 1.683971462142607440e-06 2.005503496381224460e-05 1.228207123793242177e-06 -1.791580421306713963e-05 -7.724926920595762071e-05 -2.766623795723277658e-07 2.906958993127122578e-07 8.662287688299237546e-07 8.377751744718106843e-07 7.328968737162443806e-07 9.229280991117208459e-07 1.262253651817294335e-06 5.857495524897465392e-07 -8.497220653577595151e-06 4.243357637736958778e-08
-2.306943081285785645e-05 1.581965978405155650e-06 -2.965645621464029695e-04 -3.427797746920261068e-07 1.606811321303665230e-06 3.167198564660341926e-07 -1.337873549945478833e-07 -4.704319970751988463e-07 4.365443254089817413e-08 -3.058429760952719763e-07 -9.410760799584406474e-08 2.228806618004348162e-07 9.560581988969350734e-07 1.228207123793242177e-06 2.319569219177546951e-05 -2.687291144111353050e-05 -2.657990378674328705e-04 1.523594722606982251e-07 1.119188866235741228e-07 5.405334922026422547e-07 -3.436119454464415186e-08 6.293481155388315378e-07 7.435820833312525405e-07 7.031931880718967482e-07 5.874642645326924066e-07 5.372356173772937212e-07 -5.113828243726380858e-06
-2.215743826669436516e-03 -1.684114482695667647e-06 -5.859468010402814732e-04 2.165274022924726876e-06 1.391130512257607831e-04 4.047500727145963989e-07 1.614774941544190365e-05 2.096784092618731100e-05 2.395426035506726607e-05 2.412462877902030731e-05 2.031341891128543133e-05 1.351287816280326339e-05 -2.432174753579063470e-06 -1.791580421306713963e-05 -2.687291144111353050e-05 2.062029539361595262e-03 1.404781206651951886e-02 -3.080911183779682421e-06 -9.513133712165260282e-06 -2.073179421858360513e-05 -2.846449239978919671e-05 -2.941904820776556950e-05 -2.449733192382081212e-05 -1.240632181643876525e-05 5.383126454917156903e-06 2.421708624976220362e-05 6.081808671741971634e-05
-1.484477463034329994e-02 -3.216112418290235702e-04 -2.006620570624720323e-02 2.543040103543140078e-05 1.095442754652787166e-03 -9.780473168849110072e-04 -3.187457213860772826e-04 -5.408883813000927801e-05 1.619542335416411462e-04 2.451220007183602285e-04 2.889163090241751285e-04 2.708924150642727817e-04 1.259466841714713384e-04 -7.724926920595762071e-05 -2.657990378674328705e-04 1.404781206651951886e-02 2.394412728906664678e-01 -2.270623946126275024e-04 -1.168689058719561485e-04 -8.461796125896738291e-05 -2.094902170227935095e-04 -2.007436243251111666e-04 -1.913091311676068807e-04 -1.097625673696780649e-04 2.859172832580086831e-05 2.080976281231589238e-04 5.533396147368516149e-04
1.012174410557169326e-05 2.211184186425454189e-07 3.244789128749396546e-04 1.620218416945830033e-07 -1.907427170601702380e-06 -4.737770198328057848e-06 1.635435836611138316e-06 9.368682125795625709e-07 3.106487348148765119e-07 3.365750866280563773e-07 -3.491398640051600830e-08 -3.131254496954632774e-08 -5.591898955446324834e-09 -2.766623795723277658e-07 1.523594722606982251e-07 -3.080911183779682421e-06 -2.270623946126275024e-04 9.639872476212139234e-05 1.593339660454451159e-07 8.802429346622358237e-07 1.090010515570119315e-06 9.286411589552726418e-07 1.221239556143158706e-06 8.479016368659790305e-07 7.436195829532401354e-07 4.819742624187426184e-07 -1.113680032661311935e-07
3.626178692198139114e-05 -1.034767517585841696e-06 3.546185727383255825e-04 -1.143068458056030855e-06 -5.664504966171509085e-06 1.313102811701170385e-06 -1.073021078927517501e-05 1.436345211545844667e-06 1.266358373472830248e-06 5.817263393201811171e-07 9.581922285253632534e-07 4.625875107574577130e-07 8.429367407473459401e-07 2.906958993127122578e-07 1.119188866235741228e-07 -9.513133712165260282e-06 -1.168689058719561485e-04 1.593339660454451159e-07 8.629757729897322377e-05 1.583463308148708970e-06 1.905605087847024418e-06 2.741050361607601863e-06 1.787867344929381049e-06 2.154646374758366772e-06 1.471521678481630434e-06 1.282856483820391473e-06 4.022667907895033867e-07
5.963506182335704921e-05 -9.906274249942483819e-07 7.162481921931454628e-04 -1.700998462923815456e-06 -1.018740190675265230e-05 6.898729626776625889e-07 1.506443096007864002e-06 -1.317663145303124687e-05 1.833210279011540184e-06 1.337395067801353834e-06 9.206124311092614403e-07 1.465271272151267114e-06 7.386504012274092737e-07 8.662287688299237546e-07 5.405334922026422547e-07 -2.073179421858360513e-05 -8.461796125896738291e-05 8.802429346622358237e-07 1.583463308148708970e-06 7.521459045247428287e-05 3.578046448837949175e-06 4.554059913088331037e-06 4.747177796500328360e-06 3.931903442066470899e-06 3.888130297465294032e-06 3.145515379043995511e-06 1.680045375678447520e-06
5.457389630248652953e-05 -1.385651059992126144e-07 1.117209063485005097e-03 -1.779931049783540599e-06 -1.232456463199809264e-05 1.253993132285045698e-06 1.616754135989837077e-06 1.450002417696818715e-06 -1.379308880407440312e-05 1.423933354062869866e-06 1.634105117305416345e-06 1.006460860063687478e-06 6.692353243500184794e-07 8.377751744718106843e-07 -3.436119454464415186e-08 -2.846449239978919671e-05 -2.094902170227935095e-04 1.090010515570119315e-06 1.905605087847024418e-06 3.578046448837949175e-06 6.326372586070387995e-05 6.003158867256000828e-06 5.935677057394882394e-06 6.440771114549069050e-06 5.844939551747561361e-06 4.743143863763778010e-06 3.311432644031470248e-06
5.749321811964064886e-05 2.869365489745164178e-06 1.070536166038775798e-03 -1.297379729036744618e-06 -1.228681258221152524e-05 1.178325299584778614e-06 1.433635793526653168e-06 1.278839736346579919e-06 1.501917485208693646e-06 -1.328788211537362697e-05 1.255949761987602194e-06 1.544724471277769364e-06 9.956255597563137196e-07 7.328968737162443806e-07 6.293481155388315378e-07 -2.941904820776556950e-05 -2.007436243251111666e-04 9.286411589552726418e-07 2.741050361607601863e-06 4.554059913088331037e-06 6.003158867256000828e-06 5.297780134061404780e-05 7.725450980811029425e-06 7.479498728594136614e-06 7.695080371307663831e-06 7.087256231986022626e-06 5.485211400027516153e-06
2.766579605029782034e-05 3.978889952208079686e-06 7.870177378090812900e-04 -7.154211000183103673e-07 -8.917958642035990114e-06 1.017189245982095559e-06 1.848421747074333456e-06 1.401685816849147422e-06 1.638848316239984359e-06 1.254546124094552848e-06 -1.226773640726450967e-05 1.324379153160217396e-06 9.493664871315661855e-07 9.229280991117208459e-07 7.435820833312525405e-07 -2.449733192382081212e-05 -1.913091311676068807e-04 1.221239556143158706e-06 1.787867344929381049e-06 4.747177796500328360e-06 5.935677057394882394e-06 7.725450980811029425e-06 4.362796349669821123e-05 8.747581492336682993e-06 9.156993286765911070e-06 8.797377110054201656e-06 7.939484645901960554e-06
-1.749070972762760686e-05 3.318661243856940058e-06 6.559134760819613358e-04 -4.988204274840436246e-07 -5.707989111380513688e-06 6.372528147656406604e-07 1.556450481972255640e-06 1.946139030376241669e-06 1.628691472702354585e-06 1.847768780414909722e-06 1.623629667048989154e-06 -1.108033355557308078e-05 1.271116783867865927e-06 1.262253651817294335e-06 7.031931880718967482e-07 -1.240632181643876525e-05 -1.097625673696780649e-04 8.479016368659790305e-07 2.154646374758366772e-06 3.931903442066470899e-06 6.440771114549069050e-06 7.479498728594136614e-06 8.747581492336682993e-06 3.691563720312593155e-05 1.061206075595080174e-05 1.066562351335652639e-05 1.052692317314423452e-05
-8.692874699933171329e-05 1.258549364359205946e-06 5.067465036251364704e-04 -3.305481041729066980e-07 -6.665597897243406848e-07 1.015389093021114474e-07 1.430919516754760562e-06 1.600600366000702432e-06 1.863359476266616732e-06 1.702143140238674590e-06 1.627738156446355047e-06 1.306193848698744379e-06 -9.470511030714097680e-06 5.857495524897465392e-07 5.874642645326924066e-07 5.383126454917156903e-06 2.859172832580086831e-05 7.436195829532401354e-07 1.471521678481630434e-06 3.888130297465294032e-06 5.844939551747561361e-06 7.695080371307663831e-06 9.156993286765911070e-06 1.061206075595080174e-05 3.137376302734987376e-05 1.267799245544697065e-05 1.323175931712142959e-05
-1.544883461031786845e-04 1.450753474462906199e-06 1.288788993163278364e-04 3.709167166984478975e-07 5.835981422300758802e-06 -8.281239163566607959e-07 8.879876260690602012e-07 1.429124670427895979e-06 2.089246879095443836e-06 2.030676758705832199e-06 1.994013654177332773e-06 1.810398891738574996e-06 8.963489620637912649e-07 -8.497220653577595151e-06 5.372356173772937212e-07 2.421708624976220362e-05 2.080976281231589238e-04 4.819742624187426184e-07 1.282856483820391473e-06 3.145515379043995511e-06 4.743143863763778010e-06 7.087256231986022626e-06 8.797377110054201656e-06 1.066562351335652639e-05 1.267799245544697065e-05 2.843779941535135855e-05 1.620242820211475909e-05
-2.867501573909896767e-04 1.908214976529217196e-06 -4.430984352532646962e-04 1.658916115206230523e-06 1.806924307975679920e-05 -1.800585736623571570e-06 7.465612128725661850e-08 1.036469856513502577e-06 1.814295609708179677e-06 2.099984888065223692e-06 2.015367592322228247e-06 1.799429829758217706e-06 1.076334902214089428e-06 4.243357637736958778e-08 -5.113828243726380858e-06 6.081808671741971634e-05 5.533396147368516149e-04 -1.113680032661311935e-07 4.022667907895033867e-07 1.680045375678447520e-06 3.311432644031470248e-06 5.485211400027516153e-06 7.939484645901960554e-06 1.052692317314423452e-05 1.323175931712142959e-05 1.620242820211475909e-05 2.814099471460457792e-05
