# As_1e9 ns H0 omegab omegam LSST_DZ_S1 LSST_DZ_S2 LSST_DZ_S3 LSST_DZ_S4 LSST_DZ_S5 LSST_DZ_S6 LSST_DZ_S7 LSST_DZ_S8 LSST_DZ_S9 LSST_DZ_S10 LSST_A1_1 LSST_A1_2 LSST_M1 LSST_M2 LSST_M3 LSST_M4 LSST_M5 LSST_M6 LSST_M7 LSST_M8 LSST_M9 LSST_M10 LSST_B1_1 LSST_B1_2 LSST_B1_3 LSST_B1_4 LSST_B1_5 LSST_B1_6 LSST_B1_7 LSST_B1_8 LSST_B1_9 LSST_B1_10
1.478033430273585982e-02 1.895269896966709448e-03 -1.680980190727427714e-01 -3.901687101455283556e-05 -4.029700704804816389e-04 3.902757905854973766e-05 4.781599766013673618e-05 4.475596154868681796e-05 4.457882825736205439e-05 3.626217843723767521e-05 1.471839638998016779e-05 7.202776747597775211e-06 -4.762789541906167305e-06 -3.332806697185164505e-05 -3.019559095523264661e-05 3.448262638202389922e-04 4.595401478967219770e-04 -1.420793996943949447e-06 -8.440200903975549537e-06 4.254126910781015257e-06 -6.873540315829585918e-06 -4.740306273532786636e-06 2.959214556076927793e-06 -8.429215552190910422e-06 -3.026265756947320309e-05 -5.411741640429374703e-05 -1.070889444484570785e-04 -1.184090345746735551e-03 -1.114287159525400531e-03 -1.313683156748842590e-03 -1.385246792759409467e-03 -1.517963947288952786e-03 -1.701890114554268372e-03 -1.936319468944619829e-03 -2.213618799446552890e-03 -2.729054731609588738e-03 -4.268042999649318721e-03
1.895269896966709448e-03 3.534261560888036667e-04 -2.268444988759275513e-02 2.151219321037736947e-06 -4.927209387684862180e-05 1.682585127777607731e-06 3.447031973629122320e-06 3.113386970813265636e-06 4.098571321884939862e-06 3.688710914807477707e-06 4.098169017976750481e-07 -6.591858793811087055e-07 7.412026637779011009e-07 -2.701826971933109512e-06 -9.419036509249211629e-07 9.990016335419163961e-05 1.741682066899114868e-04 1.116930336300343045e-06 5.801423060070771780e-07 3.562115698433124516e-06 2.258300758149937156e-06 3.412247763809580390e-06 6.051787354850168550e-06 6.548706187290197908e-06 3.578845354612653772e-06 3.338430149410703064e-06 8.090595520569289084e-08 -1.314950962859488869e-04 -9.915263239296255614e-05 -1.189583512355555414e-04 -1.176409512398022915e-04 -1.150448861667011547e-04 -1.286044932267010356e-04 -1.484059144670664963e-04 -1.433410608804382320e-04 -1.970186062703504137e-04 -4.524530497446756228e-04
-1.680980190727427992e-01 -2.268444988759275513e-02 5.063259352568393545e+00 1.888543557350425483e-03 -6.658972051661150166e-03 3.729528537199986284e-04 5.618173930514073306e-04 7.465799263771390974e-04 5.861346801456734880e-04 6.208197962126767297e-04 7.297648773725533408e-04 5.435754428267508803e-04 1.834006023057927642e-04 -1.153761825153646530e-04 -2.318788846244606032e-04 9.055853476933507437e-03 1.429202762893226099e-02 6.733075110080505407e-05 2.279078433009483441e-04 8.654688419835802578e-05 4.168355677763759936e-04 3.701543846709730605e-04 1.665729264149286065e-04 1.763049816258355868e-04 2.291227607103411064e-04 9.908876182434548047e-05 -3.077156958694858579e-04 -1.571315659858184624e-02 -1.781047486220438403e-02 -1.639242685632906829e-02 -1.608309266306906515e-02 -1.660779017675510782e-02 -1.561523114976354383e-02 -1.618438286532248097e-02 -1.949680073595854574e-02 -2.066597620509361133e-02 -7.918388115627582324e-03
-3.901687101455283556e-05 2.151219321037736947e-06 1.888543557350424616e-03 5.757718188557758770e-06 3.127095686088749053e-06 -2.658105127443600342e-07 -3.792040532760350598e-07 -3.075529864181923455e-07 -3.165022906792496474e-07 -3.176260562482423342e-07 -3.200611578045206649e-07 5.437764784728708584e-08 -2.446046776065518548e-07 -5.127619832378725013e-08 4.368154222884949548e-07 -2.172758161372876537e-06 1.132062672297496947e-05 2.496986004985635146e-09 1.853510474353021645e-08 -1.389958947687570133e-07 -7.775506702890493509e-08 -6.306252416653047164e-09 -7.824382846583706579e-08 -2.344076075357981494e-07 7.732907107419359770e-08 1.456544480282137665e-07 2.692085473491443702e-07 8.450336355993146199e-06 8.614576418535418287e-06 8.673920032028548300e-06 8.929594200646128748e-06 9.429685707151837048e-06 9.365811366590952983e-06 8.360705936907140723e-06 7.692765082246148228e-06 -2.556320749834197619e-06 -2.788656080484569428e-05
-4.029700704804816389e-04 -4.927209387684862180e-05 -6.658972051661150166e-03 3.127095686088749053e-06 6.445086153928883844e-05 -4.461830572251079771e-06 -6.414411348625280598e-06 -7.063120261597735792e-06 -6.597327852173712216e-06 -6.291455039973231420e-06 -5.146310973814566240e-06 -3.258526342970744083e-06 -1.585668664031856652e-06 2.237138024955360003e-06 3.176219609766821104e-06 -7.371395242861343816e-05 -8.134864838160791971e-05 -3.075159636686008085e-07 -1.113176563828828508e-06 -2.386489243715368860e-06 -3.424152333748157480e-06 -3.738902910499388679e-06 -4.082920787755750355e-06 -4.001474871199383659e-06 -2.372669307276973743e-06 -5.138919544126683096e-07 4.846163017952572688e-06 1.634212875654168383e-04 1.645559794254746009e-04 1.721623794654116035e-04 1.747675952286419717e-04 1.849009947137260693e-04 1.934857887939350578e-04 2.106964444912931545e-04 2.388847034062144042e-04 2.639660895853303919e-04 2.884922037925777586e-04
3.902757905854973766e-05 1.682585127777607731e-06 3.729528537199983573e-04 -2.658105127443600342e-07 -4.461830572251079771e-06 6.291128122778952618e-06 2.717312130776954916e-06 1.801524820105792154e-06 1.558683438736139244e-06 1.186352753582386833e-06 1.049124659456246700e-06 8.019421527623218348e-07 4.537406684944493682e-07 3.581005465785312644e-08 -1.559044820486897756e-07 5.160710526718655630e-06 -1.083835220487511068e-04 -2.164868065455708282e-06 1.061995301363914320e-06 1.470240480240054652e-06 9.888529551127054524e-07 8.435837296626270073e-07 4.547025234628157936e-07 1.388689729539873495e-07 -8.010895327793151563e-08 -3.914443839535186281e-07 -1.038538248512062470e-06 4.602848072345220242e-06 -1.040691407785479301e-05 -1.927987479240793179e-05 -1.747246892248381815e-05 -1.818283700457279140e-05 -1.819115742356470567e-05 -1.776979400680993562e-05 -1.736906594088832493e-05 -2.212342206715162262e-05 -3.695268276460830011e-05
4.781599766013673618e-05 3.447031973629122320e-06 5.618173930514076559e-04 -3.792040532760350598e-07 -6.414411348625280598e-06 2.717312130776954916e-06 5.987622106304989036e-06 3.027941690513722607e-06 1.858175830083317173e-06 1.779241126331509370e-06 1.311874276665207750e-06 1.261677885764228975e-06 6.120192108186275287e-07 1.655802682352826418e-07 -3.465056205779364998e-07 8.707609319307166223e-06 -4.883032172036342190e-05 9.592008307071082986e-07 -3.677065556497200197e-06 3.185013747250901611e-08 1.291914638412941713e-06 1.004846466590155906e-06 1.071888634804246686e-06 6.649624876720579255e-07 6.204169803432571336e-07 2.023073255970839278e-07 -4.874529422990212308e-07 -1.023884344234500663e-05 -2.466947306347196177e-06 -1.169693818378425076e-05 -2.199631651263559697e-05 -2.326555508946688593e-05 -2.477193118106468396e-05 -2.431121017132287541e-05 -2.480343385840085853e-05 -3.395282407028151888e-05 -4.631442333380604310e-05
4.475596154868681118e-05 3.113386970813264789e-06 7.465799263771390974e-04 -3.075529864181923455e-07 -7.063120261597735792e-06 1.801524820105792154e-06 3.027941690513723031e-06 6.284344171147792373e-06 3.241804989925683580e-06 2.108523159363321715e-06 1.727162463207772368e-06 1.420299910931559712e-06 8.078255295621377390e-07 3.804113553446484367e-07 -7.678516068128370750e-08 8.703577661132260964e-06 2.826647413230485403e-06 6.007754903291972989e-07 2.521613116257915351e-07 -4.146512223007257380e-06 5.194330905883482899e-08 1.371675447582861701e-06 1.367248368263462954e-06 1.254401622865825608e-06 1.119908981030667182e-06 6.203956872307523633e-07 -9.227782211070656135e-08 -4.770151415852770033e-06 -1.612794782182804917e-05 -8.194721550236575567e-06 -1.278780512629166897e-05 -2.303239222702457050e-05 -2.805683530439620875e-05 -2.854039526679166656e-05 -3.024238636324107923e-05 -3.314721436265537929e-05 -4.259992563249494506e-05
4.457882825736205439e-05 4.098571321884939862e-06 5.861346801456735964e-04 -3.165022906792496474e-07 -6.597327852173712216e-06 1.558683438736139244e-06 1.858175830083317173e-06 3.241804989925683156e-06 6.300831519067257353e-06 3.975054274547247872e-06 2.158192647766729193e-06 1.804847649956368820e-06 1.212665803363909906e-06 7.012936524275547176e-07 2.891720098190079322e-07 8.270176735060904235e-06 3.186375462218533981e-05 3.507081011095753339e-08 8.973772241707995826e-07 -1.275838671715762181e-07 -3.629805763441068060e-06 -4.463129787355749329e-07 1.382697169382630525e-06 1.455833167200619576e-06 1.316827907488114751e-06 9.741442178097013572e-07 2.825064804562556696e-07 -7.278129894247971493e-06 -7.959968387516096975e-06 -1.431252070992343132e-05 -5.570276512265884682e-06 -8.918383813093454487e-06 -2.344187594313832011e-05 -2.945009366624315520e-05 -2.808865069765085110e-05 -2.887755146472247039e-05 -2.118448602331721978e-05
3.626217843723767521e-05 3.688710914807477707e-06 6.208197962126767297e-04 -3.176260562482423342e-07 -6.291455039973231420e-06 1.186352753582386833e-06 1.779241126331509370e-06 2.108523159363321715e-06 3.975054274547247872e-06 7.102059379473296044e-06 3.910173523058765499e-06 2.023609871154356834e-06 1.329842844789053273e-06 7.753505216059101975e-07 1.209984034601694309e-07 1.063902788043119190e-05 6.184681547745219765e-05 -7.839553232663749625e-08 4.998160132845165947e-07 9.276037441659020406e-07 -6.871777131265406925e-07 -3.809525611819436145e-06 -5.340391250956701201e-08 1.667955303054723328e-06 1.675669774978727244e-06 1.369977352983913914e-06 7.177608929647956693e-07 -7.818585696639112384e-06 -6.435671360972289995e-06 -7.487169479581953144e-06 -1.159647307674352384e-05 -3.981994941979713373e-06 -8.487313821316554092e-06 -2.347876722250857837e-05 -2.988770722862471360e-05 -3.284117638845654761e-05 -1.873406798137253919e-05
1.471839638998016779e-05 4.098169017976750481e-07 7.297648773725533408e-04 -3.200611578045206649e-07 -5.146310973814566240e-06 1.049124659456246700e-06 1.311874276665207750e-06 1.727162463207772791e-06 2.158192647766729193e-06 3.910173523058765499e-06 8.242167800958603835e-06 3.774065214015747423e-06 1.487963841634554098e-06 1.282974687986367976e-06 3.303870520617992946e-07 6.378712802684280729e-06 6.184343614463754695e-05 -3.929203709682974855e-07 4.142532206705044264e-07 7.146276592669375287e-07 9.033281668929671145e-07 -5.449798040018293569e-07 -4.286542565875858843e-06 2.657857393052743813e-07 1.761533828312933240e-06 1.344234466121130438e-06 8.732608415801134955e-07 -6.833401166158928659e-06 -5.303173247484519302e-06 -3.459731933965682141e-06 -4.860818478639049530e-06 -1.013858884146357211e-05 3.817802235984736531e-07 -4.966533399183980148e-06 -2.323268522072970246e-05 -2.923593846735700130e-05 -8.386834093978144975e-06
7.202776747597775211e-06 -6.591858793811087055e-07 5.435754428267512055e-04 5.437764784728708584e-08 -3.258526342970744083e-06 8.019421527623218348e-07 1.261677885764228975e-06 1.420299910931559712e-06 1.804847649956368820e-06 2.023609871154356834e-06 3.774065214015747423e-06 1.033301889061667526e-05 3.038735836804852606e-06 1.596865195921775100e-06 4.304026597407747815e-07 3.891508017567331336e-06 3.382269654021466897e-05 -1.094906567297093752e-07 4.896974205022868145e-08 6.447288563466936652e-07 6.795665439617731913e-07 8.806659307906969615e-07 -4.671971955685609567e-07 -5.173630614346878828e-06 8.599902818643364807e-07 1.488693123945698493e-06 1.151496770364784523e-06 -2.983096248907952635e-06 -4.395897455819250374e-07 -1.370105543349594965e-06 -8.902333617334906829e-07 -3.400787470202733294e-07 -4.696306518611535307e-06 1.088406294033164340e-05 5.480834669593572929e-07 -1.630011703320998314e-05 -2.108721822483882724e-05
-4.762789541906163917e-06 7.412026637779020538e-07 1.834006023057927642e-04 -2.446046776065522254e-07 -1.585668664031856652e-06 4.537406684944489976e-07 6.120192108186279522e-07 8.078255295621377390e-07 1.212665803363910541e-06 1.329842844789053273e-06 1.487963841634553887e-06 3.038735836804851759e-06 1.352093216064500139e-05 2.224053608078769272e-06 3.823720373620375844e-07 4.866947552022109739e-07 5.217649143674256749e-05 -2.107283307722010394e-07 5.416490845058028744e-08 4.856955792901654481e-07 5.484389185564733812e-07 9.954599745993333089e-07 1.285812990857841237e-06 3.619140674029840498e-07 -5.674890908315848555e-06 1.436471540468574417e-06 1.720642971304190719e-06 4.306506429815976382e-07 2.445691061957493894e-06 3.651419329655151202e-06 5.581735372607548198e-06 5.766786296322333142e-06 4.608967756332892177e-06 5.021393919274190040e-07 2.741226585153322588e-05 5.036153476904243628e-06 4.870366942496839596e-06
-3.332806697185164505e-05 -2.701826971933109512e-06 -1.153761825153648427e-04 -5.127619832378725013e-08 2.237138024955360003e-06 3.581005465785312644e-08 1.655802682352826418e-07 3.804113553446485955e-07 7.012936524275547176e-07 7.753505216059101975e-07 1.282974687986367976e-06 1.596865195921775100e-06 2.224053608078768848e-06 1.739992693797423002e-05 1.686608977417548843e-06 -7.970469320128205904e-06 7.718810278221936733e-07 -3.302411300518228462e-07 -4.174952351470621112e-08 2.912718488294319405e-07 2.148189542962490368e-07 4.148413614940411132e-07 4.205906222836931609e-07 7.352732560177843546e-07 9.708082278403898495e-07 -5.207633838154165130e-06 1.880309543731580256e-06 1.104158185985374381e-05 9.385024296356561879e-06 1.117020264122825331e-05 1.387465727503607220e-05 1.707167347919061841e-05 1.898401159164849527e-05 2.125262812309680832e-05 1.784925664719046331e-05 6.513233386477401514e-05 2.144121289058380705e-05
-3.019559095523264661e-05 -9.419036509249211629e-07 -2.318788846244606032e-04 4.368154222884949548e-07 3.176219609766821104e-06 -1.559044820486897756e-07 -3.465056205779364998e-07 -7.678516068128370750e-08 2.891720098190079322e-07 1.209984034601694309e-07 3.303870520617992946e-07 4.304026597407747815e-07 3.823720373620375844e-07 1.686608977417548843e-06 2.225130114089534622e-05 -8.706568718742700534e-06 -6.601049050236859378e-05 -1.908087687162795453e-07 4.811153337067092017e-07 1.179885430227653688e-07 -5.269976627545869475e-08 3.925258646305920610e-07 3.399600332393126375e-07 4.768943368118135653e-07 9.743895465316810189e-07 8.393310410343998112e-07 -3.500588907375579160e-06 9.128162178185683949e-06 1.027121783619142767e-05 9.774678354214136520e-06 1.400828305890125782e-05 1.839860337612298313e-05 2.016317720202147527e-05 2.014167111052109067e-05 2.342951189165152243e-05 7.034258872301224850e-06 7.396577041830616436e-05
3.448262638202389922e-04 9.990016335419163961e-05 9.055853476933512641e-03 -2.172758161372876537e-06 -7.371395242861343816e-05 5.160710526718655630e-06 8.707609319307166223e-06 8.703577661132260964e-06 8.270176735060904235e-06 1.063902788043119190e-05 6.378712802684280729e-06 3.891508017567331336e-06 4.866947552022097034e-07 -7.970469320128205904e-06 -8.706568718742700534e-06 5.972535083876456298e-04 1.799276659534991985e-03 8.151621039318230063e-06 5.629719382847413130e-06 5.588207967031986419e-06 2.074779125806524870e-06 -2.398941189078887816e-06 -1.352130162594380890e-06 -2.968701416175114006e-06 -5.228887867073205839e-06 -6.948934903386328927e-06 -1.281080421794765937e-05 -1.749399700858961205e-04 -1.570238143103608449e-04 -1.722260529846785350e-04 -1.913183155625480976e-04 -2.051948609438014267e-04 -2.309941413938063493e-04 -2.527734985753683555e-04 -2.957545954958453577e-04 -3.402225661111860826e-04 -1.162352049214727224e-04
4.595401478967219770e-04 1.741682066899114868e-04 1.429202762893228527e-02 1.132062672297496947e-05 -8.134864838160791971e-05 -1.083835220487511068e-04 -4.883032172036342190e-05 2.826647413230480744e-06 3.186375462218533981e-05 6.184681547745219765e-05 6.184343614463754695e-05 3.382269654021466897e-05 5.217649143674261492e-05 7.718810278221936733e-07 -6.601049050236859378e-05 1.799276659534991985e-03 6.215435852314719900e-02 -1.935644332003726197e-04 -4.657607628449188247e-05 2.496416285016094506e-05 6.198548932515017963e-05 5.117396356343469565e-05 4.297255752545863530e-05 4.641637572734686986e-05 2.385786454382096436e-06 -2.187062419152085375e-05 -5.608536071180709234e-05 -4.914434942851212329e-04 -4.644310699293249843e-04 -1.952704027789792696e-04 -2.642673334486155576e-04 -4.497317439679651219e-04 -7.819655790674088494e-04 -1.235496719236347987e-03 -2.011642829552718302e-03 -2.720856605431838139e-03 2.538619663375265949e-03
-1.420793996943951988e-06 1.116930336300343468e-06 6.733075110080505407e-05 2.496986004985481704e-09 -3.075159636686008085e-07 -2.164868065455707859e-06 9.592008307071080869e-07 6.007754903291972989e-07 3.507081011095750692e-08 -7.839553232663749625e-08 -3.929203709682976443e-07 -1.094906567297095737e-07 -2.107283307722010394e-07 -3.302411300518230580e-07 -1.908087687162795453e-07 8.151621039318233451e-06 -1.935644332003726197e-04 9.222639091002213338e-05 1.639750277766967053e-06 1.420217351452733943e-06 1.191209004079830497e-06 1.037434211471916064e-06 7.795581288798424104e-07 5.925860272459237097e-07 3.539288398917313695e-07 5.024723228986115672e-07 3.514351487058649052e-07 -1.467387048749604156e-05 -3.641169936842783243e-07 5.254557247967441304e-06 2.542200941356895545e-06 2.869302151637029410e-06 1.227230970737623591e-06 1.450370885304669139e-06 4.142641823854793184e-06 6.664435486129646297e-06 -4.740805017514673612e-06
-8.440200903975549537e-06 5.801423060070771780e-07 2.279078433009484525e-04 1.853510474353021645e-08 -1.113176563828828508e-06 1.061995301363914320e-06 -3.677065556497200197e-06 2.521613116257915351e-07 8.973772241707995826e-07 4.998160132845165947e-07 4.142532206705043205e-07 4.896974205022868145e-08 5.416490845058056537e-08 -4.174952351470621112e-08 4.811153337067092017e-07 5.629719382847413130e-06 -4.657607628449188247e-05 1.639750277766967689e-06 7.465296617558153278e-05 4.382260224711819469e-06 2.979692235056847269e-06 3.303378237947953682e-06 3.218695559449418609e-06 3.374133402710431366e-06 2.888026044716099180e-06 2.862615222966802002e-06 2.552917986779280019e-06 3.416298762454427003e-06 -2.002721393663409736e-05 -9.516485737698903506e-06 6.919176286354298976e-06 6.447899682215996828e-06 4.750164000036929496e-06 1.921701776858767576e-06 2.242125106633758954e-07 6.497732434550748636e-06 1.452750787060068887e-05
4.254126910781015257e-06 3.562115698433124516e-06 8.654688419835802578e-05 -1.389958947687570133e-07 -2.386489243715368860e-06 1.470240480240054652e-06 3.185013747250901611e-08 -4.146512223007257380e-06 -1.275838671715762181e-07 9.276037441659020406e-07 7.146276592669375287e-07 6.447288563466936652e-07 4.856955792901654481e-07 2.912718488294319405e-07 1.179885430227653688e-07 5.588207967031986419e-06 2.496416285016094506e-05 1.420217351452733943e-06 4.382260224711819469e-06 5.825471907471219054e-05 5.872243264932700696e-06 4.710256750530283762e-06 5.110655548689706049e-06 5.160680377081332802e-06 5.123942080711344566e-06 5.071964842260015442e-06 4.651837886377205455e-06 -3.735852565181459311e-06 1.961275156933167994e-06 -1.433437191646023844e-05 -8.015211169391782493e-06 5.441165563595760845e-06 8.264231276093173581e-06 6.405027046220373984e-06 4.794230379361822791e-06 -3.519488752810733560e-06 4.143334000572914751e-06
-6.873540315829585918e-06 2.258300758149937156e-06 4.168355677763757768e-04 -7.775506702890493509e-08 -3.424152333748157480e-06 9.888529551127054524e-07 1.291914638412941713e-06 5.194330905883490840e-08 -3.629805763441068060e-06 -6.871777131265406925e-07 9.033281668929671145e-07 6.795665439617731913e-07 5.484389185564733812e-07 2.148189542962490368e-07 -5.269976627545869475e-08 2.074779125806524870e-06 6.198548932515017963e-05 1.191209004079830285e-06 2.979692235056847269e-06 5.872243264932700696e-06 4.692176501344348980e-05 8.188763074987790282e-06 6.737797538562087105e-06 7.029773694278702310e-06 7.038024113398692384e-06 6.943321700929854583e-06 6.583349016023063929e-06 1.901358655186417306e-06 -2.360905676428763810e-06 7.552444022496709141e-07 -1.235016712014076003e-05 -9.251914857655464048e-06 5.308428489891994488e-06 9.263835625866827353e-06 3.838515085409450805e-06 -4.075250839381969341e-06 -8.530184475460690833e-06
-4.740306273532786636e-06 3.412247763809580390e-06 3.701543846709731689e-04 -6.306252416653047164e-09 -3.738902910499388679e-06 8.435837296626270073e-07 1.004846466590155906e-06 1.371675447582861701e-06 -4.463129787355749329e-07 -3.809525611819436145e-06 -5.449798040018293569e-07 8.806659307906969615e-07 9.954599745993333089e-07 4.148413614940411132e-07 3.925258646305920610e-07 -2.398941189078887816e-06 5.117396356343469565e-05 1.037434211471916064e-06 3.303378237947953682e-06 4.710256750530283762e-06 8.188763074987790282e-06 4.011681328000743957e-05 9.186892096301454153e-06 8.118504070989968074e-06 8.118205470238438277e-06 8.297856024585217955e-06 7.952396734363293798e-06 5.512551038143807572e-06 1.630153282194233353e-06 8.527023428157997366e-09 2.187340476717093941e-06 -8.959399613632401901e-06 -8.321916457002907633e-06 5.562205564699131827e-06 1.120068666900921826e-05 4.173474663187701690e-06 -8.510700900369900113e-06
2.959214556076930334e-06 6.051787354850168550e-06 1.665729264149286065e-04 -7.824382846583721138e-08 -4.082920787755750355e-06 4.547025234628155289e-07 1.071888634804246686e-06 1.367248368263462954e-06 1.382697169382630949e-06 -5.340391250956701201e-08 -4.286542565875857996e-06 -4.671971955685606920e-07 1.285812990857841237e-06 4.205906222836929492e-07 3.399600332393126375e-07 -1.352130162594379619e-06 4.297255752545860820e-05 7.795581288798424104e-07 3.218695559449418609e-06 5.110655548689706049e-06 6.737797538562087105e-06 9.186892096301455847e-06 3.503160860447292690e-05 1.034258825237663493e-05 9.176482483739357510e-06 9.691562220572114272e-06 9.480305812577466415e-06 7.872427731027383847e-06 6.583326311994395056e-06 3.972282647034446618e-06 3.854646345158303886e-06 7.030246645181087759e-06 -8.168774268305178216e-06 -7.371242877409379748e-06 1.010906972597272638e-05 9.143436657916276917e-06 -5.932345424566090293e-06
-8.429215552190910422e-06 6.548706187290197908e-06 1.763049816258357495e-04 -2.344076075357981494e-07 -4.001474871199383659e-06 1.388689729539873495e-07 6.649624876720579255e-07 1.254401622865825396e-06 1.455833167200619576e-06 1.667955303054723328e-06 2.657857393052743813e-07 -5.173630614346878828e-06 3.619140674029841027e-07 7.352732560177843546e-07 4.768943368118135653e-07 -2.968701416175114006e-06 4.641637572734686986e-05 5.925860272459236038e-07 3.374133402710431366e-06 5.160680377081332802e-06 7.029773694278702310e-06 8.118504070989968074e-06 1.034258825237663493e-05 3.167896295083531924e-05 1.088920191941813161e-05 1.085354274147450560e-05 1.086717189454428285e-05 9.548845561322985047e-06 9.597183088632201515e-06 1.162185654879177166e-05 1.116180441502380929e-05 1.030241473721035663e-05 8.829863706935817458e-06 -8.477432972152427917e-06 6.402637400654180535e-07 9.532874498998883357e-06 1.236722178655405609e-05
-3.026265756947320309e-05 3.578845354612653772e-06 2.291227607103411064e-04 7.732907107419359770e-08 -2.372669307276973743e-06 -8.010895327793151563e-08 6.204169803432571336e-07 1.119908981030667182e-06 1.316827907488114751e-06 1.675669774978727244e-06 1.761533828312933240e-06 8.599902818643364807e-07 -5.674890908315848555e-06 9.708082278403898495e-07 9.743895465316808071e-07 -5.228887867073205839e-06 2.385786454382096436e-06 3.539288398917313695e-07 2.888026044716099180e-06 5.123942080711344566e-06 7.038024113398692384e-06 8.118205470238438277e-06 9.176482483739357510e-06 1.088920191941813161e-05 2.818564573314348882e-05 1.189597776402886130e-05 1.204814678351667896e-05 1.533385221907141870e-05 1.737151964990685216e-05 1.907552319091672025e-05 1.872386930299438896e-05 1.983612560079958155e-05 1.763396480062798881e-05 1.690086104538613551e-05 1.360657465648354089e-06 1.364145451222902831e-05 1.301518839474866231e-05
-5.411741640429374703e-05 3.338430149410703064e-06 9.908876182434569731e-05 1.456544480282137665e-07 -5.138919544126683096e-07 -3.914443839535186281e-07 2.023073255970839278e-07 6.203956872307521515e-07 9.741442178097013572e-07 1.369977352983913914e-06 1.344234466121130438e-06 1.488693123945698493e-06 1.436471540468574417e-06 -5.207633838154165130e-06 8.393310410343998112e-07 -6.948934903386328927e-06 -2.187062419152085375e-05 5.024723228986114613e-07 2.862615222966802002e-06 5.071964842260015442e-06 6.943321700929854583e-06 8.297856024585217955e-06 9.691562220572114272e-06 1.085354274147450560e-05 1.189597776402886130e-05 2.531045114011958873e-05 1.376127352531914365e-05 1.977563749786143843e-05 2.561586838190747659e-05 2.851660530119987216e-05 2.943064443954468439e-05 3.150716572267834594e-05 2.899236272720825790e-05 2.759928390349318400e-05 3.592612771247223141e-05 1.283500863254323940e-05 2.110718351667388590e-05
-1.070889444484570785e-04 8.090595520569289084e-08 -3.077156958694861289e-04 2.692085473491443702e-07 4.846163017952572688e-06 -1.038538248512062470e-06 -4.874529422990212308e-07 -9.227782211070662753e-08 2.825064804562556696e-07 7.177608929647956693e-07 8.732608415801134955e-07 1.151496770364784523e-06 1.720642971304190719e-06 1.880309543731580256e-06 -3.500588907375579160e-06 -1.281080421794765937e-05 -5.608536071180709234e-05 3.514351487058650111e-07 2.552917986779280019e-06 4.651837886377205455e-06 6.583349016023063929e-06 7.952396734363293798e-06 9.480305812577469803e-06 1.086717189454428285e-05 1.204814678351667896e-05 1.376127352531914365e-05 2.337891091041266331e-05 3.503902853457479638e-05 4.105494749740596380e-05 4.638185885932606076e-05 4.868460818047503318e-05 5.333641758736105813e-05 5.365431104538213034e-05 5.555327809847040787e-05 6.542416862351589613e-05 7.548364560112726823e-05 6.434221739904231910e-05
-1.184090345746735551e-03 -1.314950962859488869e-04 -1.571315659858184971e-02 8.450336355993146199e-06 1.634212875654168383e-04 4.602848072345220242e-06 -1.023884344234500663e-05 -4.770151415852771727e-06 -7.278129894247971493e-06 -7.818585696639112384e-06 -6.833401166158928659e-06 -2.983096248907952635e-06 4.306506429815985911e-07 1.104158185985374381e-05 9.128162178185683949e-06 -1.749399700858961205e-04 -4.914434942851212329e-04 -1.467387048749603986e-05 3.416298762454427003e-06 -3.735852565181459311e-06 1.901358655186417306e-06 5.512551038143807572e-06 7.872427731027380459e-06 9.548845561322985047e-06 1.533385221907141870e-05 1.977563749786143843e-05 3.503902853457479638e-05 7.659650642516173348e-04 4.567056124042965571e-04 4.233001547651066439e-04 4.754126605584608296e-04 5.085166690517350018e-04 5.213594761133391771e-04 5.749492885244856079e-04 6.739357185065180268e-04 7.470849167962957454e-04 6.975802698777926929e-04
-1.114287159525400531e-03 -9.915263239296255614e-05 -1.781047486220438403e-02 8.614576418535418287e-06 1.645559794254746009e-04 -1.040691407785479301e-05 -2.466947306347196177e-06 -1.612794782182804239e-05 -7.959968387516096975e-06 -6.435671360972289995e-06 -5.303173247484519302e-06 -4.395897455819250374e-07 2.445691061957494741e-06 9.385024296356561879e-06 1.027121783619142767e-05 -1.570238143103608449e-04 -4.644310699293249843e-04 -3.641169936842787479e-07 -2.002721393663409736e-05 1.961275156933167994e-06 -2.360905676428763810e-06 1.630153282194233353e-06 6.583326311994393362e-06 9.597183088632201515e-06 1.737151964990685216e-05 2.561586838190747659e-05 4.105494749740596380e-05 4.567056124042965571e-04 7.726417418437405349e-04 5.917870486925770742e-04 4.653050108480639340e-04 5.069738665714062934e-04 5.504850881844283728e-04 6.117534232635918551e-04 7.162119404993213439e-04 7.619462100583039750e-04 7.932924349350561986e-04
-1.313683156748842590e-03 -1.189583512355555414e-04 -1.639242685632906482e-02 8.673920032028548300e-06 1.721623794654116035e-04 -1.927987479240793179e-05 -1.169693818378425076e-05 -8.194721550236575567e-06 -1.431252070992343132e-05 -7.487169479581953144e-06 -3.459731933965682141e-06 -1.370105543349594965e-06 3.651419329655153320e-06 1.117020264122825331e-05 9.774678354214136520e-06 -1.722260529846785350e-04 -1.952704027789792696e-04 5.254557247967440457e-06 -9.516485737698903506e-06 -1.433437191646023844e-05 7.552444022496709141e-07 8.527023428157997366e-09 3.972282647034445771e-06 1.162185654879177166e-05 1.907552319091672025e-05 2.851660530119987216e-05 4.638185885932606076e-05 4.233001547651066439e-04 5.917870486925770742e-04 8.321287940087330158e-04 6.272108218410310000e-04 5.390862030696510826e-04 5.557978732332917926e-04 6.284762705841361432e-04 7.348354737582334702e-04 8.081830272934564189e-04 8.546542977852941919e-04
-1.385246792759409467e-03 -1.176409512398022915e-04 -1.608309266306906515e-02 8.929594200646128748e-06 1.747675952286419717e-04 -1.747246892248381815e-05 -2.199631651263559697e-05 -1.278780512629167235e-05 -5.570276512265884682e-06 -1.159647307674352384e-05 -4.860818478639049530e-06 -8.902333617334906829e-07 5.581735372607547351e-06 1.387465727503607220e-05 1.400828305890125782e-05 -1.913183155625480976e-04 -2.642673334486155576e-04 2.542200941356894698e-06 6.919176286354298976e-06 -8.015211169391782493e-06 -1.235016712014076003e-05 2.187340476717093941e-06 3.854646345158305580e-06 1.116180441502380929e-05 1.872386930299438896e-05 2.943064443954468439e-05 4.868460818047503318e-05 4.754126605584608296e-04 4.653050108480639340e-04 6.272108218410310000e-04 8.271641713624769670e-04 7.382909444262609989e-04 5.855249141081921623e-04 6.073330176206623559e-04 7.458702977635846623e-04 8.656571392517452626e-04 9.179694103897556318e-04
-1.517963947288952786e-03 -1.150448861667011547e-04 -1.660779017675511129e-02 9.429685707151837048e-06 1.849009947137260693e-04 -1.818283700457279140e-05 -2.326555508946688593e-05 -2.303239222702457050e-05 -8.918383813093454487e-06 -3.981994941979713373e-06 -1.013858884146357211e-05 -3.400787470202733294e-07 5.766786296322331448e-06 1.707167347919061841e-05 1.839860337612298313e-05 -2.051948609438014267e-04 -4.497317439679651219e-04 2.869302151637029834e-06 6.447899682215996828e-06 5.441165563595760845e-06 -9.251914857655464048e-06 -8.959399613632401901e-06 7.030246645181087759e-06 1.030241473721035663e-05 1.983612560079958155e-05 3.150716572267834594e-05 5.333641758736105813e-05 5.085166690517350018e-04 5.069738665714062934e-04 5.390862030696510826e-04 7.382909444262609989e-04 9.826287907363448221e-04 8.431627269064547901e-04 6.822807517944253853e-04 7.822886315379307988e-04 9.256901480435474278e-04 9.517543383477728358e-04
-1.701890114554268372e-03 -1.286044932267010356e-04 -1.561523114976354903e-02 9.365811366590952983e-06 1.934857887939350578e-04 -1.819115742356470567e-05 -2.477193118106468396e-05 -2.805683530439621214e-05 -2.344187594313832011e-05 -8.487313821316554092e-06 3.817802235984736531e-07 -4.696306518611535307e-06 4.608967756332889636e-06 1.898401159164849527e-05 2.016317720202147527e-05 -2.309941413938063493e-04 -7.819655790674088494e-04 1.227230970737622108e-06 4.750164000036929496e-06 8.264231276093173581e-06 5.308428489891994488e-06 -8.321916457002907633e-06 -8.168774268305176522e-06 8.829863706935817458e-06 1.763396480062798881e-05 2.899236272720825790e-05 5.365431104538213034e-05 5.213594761133391771e-04 5.504850881844283728e-04 5.557978732332917926e-04 5.855249141081921623e-04 8.431627269064547901e-04 1.159209887862759029e-03 1.002687278846041896e-03 8.388011758220106180e-04 9.235394044294640073e-04 1.011620644472720817e-03
-1.936319468944619829e-03 -1.484059144670664963e-04 -1.618438286532247750e-02 8.360705936907140723e-06 2.106964444912931545e-04 -1.776979400680993562e-05 -2.431121017132287541e-05 -2.854039526679165979e-05 -2.945009366624315520e-05 -2.347876722250857837e-05 -4.966533399183980148e-06 1.088406294033164340e-05 5.021393919274181570e-07 2.125262812309680832e-05 2.014167111052109067e-05 -2.527734985753683555e-04 -1.235496719236347987e-03 1.450370885304669563e-06 1.921701776858767576e-06 6.405027046220373984e-06 9.263835625866827353e-06 5.562205564699131827e-06 -7.371242877409383983e-06 -8.477432972152427917e-06 1.690086104538613551e-05 2.759928390349318400e-05 5.555327809847040787e-05 5.749492885244856079e-04 6.117534232635918551e-04 6.284762705841361432e-04 6.073330176206623559e-04 6.822807517944253853e-04 1.002687278846041896e-03 1.553989489556268982e-03 1.320983026890647444e-03 1.002029276794117341e-03 1.067929933618579812e-03
-2.213618799446552890e-03 -1.433410608804382320e-04 -1.949680073595854574e-02 7.692765082246148228e-06 2.388847034062144042e-04 -1.736906594088832493e-05 -2.480343385840085853e-05 -3.024238636324107584e-05 -2.808865069765085110e-05 -2.988770722862471360e-05 -2.323268522072970246e-05 5.480834669593572929e-07 2.741226585153322249e-05 1.784925664719046331e-05 2.342951189165152243e-05 -2.957545954958453577e-04 -2.011642829552718302e-03 4.142641823854793184e-06 2.242125106633758954e-07 4.794230379361822791e-06 3.838515085409450805e-06 1.120068666900921826e-05 1.010906972597272299e-05 6.402637400654180535e-07 1.360657465648354089e-06 3.592612771247223141e-05 6.542416862351589613e-05 6.739357185065180268e-04 7.162119404993213439e-04 7.348354737582334702e-04 7.458702977635846623e-04 7.822886315379307988e-04 8.388011758220106180e-04 1.320983026890647444e-03 2.502199833801591229e-03 1.792309294976286412e-03 1.304354459589661223e-03
-2.729054731609588738e-03 -1.970186062703504137e-04 -2.066597620509361480e-02 -2.556320749834197619e-06 2.639660895853303919e-04 -2.212342206715162262e-05 -3.395282407028151888e-05 -3.314721436265537929e-05 -2.887755146472247039e-05 -3.284117638845654761e-05 -2.923593846735700130e-05 -1.630011703320998314e-05 5.036153476904254640e-06 6.513233386477401514e-05 7.034258872301224850e-06 -3.402225661111860826e-04 -2.720856605431838139e-03 6.664435486129648838e-06 6.497732434550748636e-06 -3.519488752810733560e-06 -4.075250839381969341e-06 4.173474663187701690e-06 9.143436657916276917e-06 9.532874498998883357e-06 1.364145451222902831e-05 1.283500863254323940e-05 7.548364560112726823e-05 7.470849167962957454e-04 7.619462100583039750e-04 8.081830272934564189e-04 8.656571392517452626e-04 9.256901480435474278e-04 9.235394044294640073e-04 1.002029276794117341e-03 1.792309294976286412e-03 5.044709795952063459e-03 2.634906963981760095e-03
-4.268042999649318721e-03 -4.524530497446756228e-04 -7.918388115627590998e-03 -2.788656080484569428e-05 2.884922037925777586e-04 -3.695268276460830011e-05 -4.631442333380604310e-05 -4.259992563249496539e-05 -2.118448602331721978e-05 -1.873406798137253919e-05 -8.386834093978144975e-06 -2.108721822483882724e-05 4.870366942496868395e-06 2.144121289058380705e-05 7.396577041830616436e-05 -1.162352049214727224e-04 2.538619663375265949e-03 -4.740805017514677000e-06 1.452750787060068887e-05 4.143334000572914751e-06 -8.530184475460690833e-06 -8.510700900369900113e-06 -5.932345424566103846e-06 1.236722178655405609e-05 1.301518839474866231e-05 2.110718351667388590e-05 6.434221739904231910e-05 6.975802698777926929e-04 7.932924349350561986e-04 8.546542977852941919e-04 9.179694103897556318e-04 9.517543383477728358e-04 1.011620644472720817e-03 1.067929933618579812e-03 1.304354459589661223e-03 2.634906963981760095e-03 3.426378174067441773e-02
