# As_1e9 ns H0 omegab omegam LSST_DZ_S1 LSST_DZ_S2 LSST_DZ_S3 LSST_DZ_S4 LSST_DZ_S5 LSST_DZ_S6 LSST_DZ_S7 LSST_DZ_S8 LSST_DZ_S9 LSST_DZ_S10 LSST_A1_1 LSST_A1_2 LSST_M1 LSST_M2 LSST_M3 LSST_M4 LSST_M5 LSST_M6 LSST_M7 LSST_M8 LSST_M9 LSST_M10
1.977984525681408118e-02 1.653065555216050005e-03 -1.369132951088038730e-01 1.835987721594248192e-05 -7.169887406675630893e-04 2.330806457610575536e-05 2.071100202247809708e-05 1.412680396038933527e-05 2.386666197745178551e-05 1.612118181486260418e-05 2.204550669069614801e-05 2.053614955072337561e-05 3.853907114102476413e-05 7.872912558858259166e-06 -5.153861187319038677e-05 -1.364608545449217704e-03 -1.150240576720092632e-02 3.976286982898652773e-06 4.791091980315202015e-05 7.474701828017092328e-05 5.767331099689941115e-05 5.496950721229916758e-05 2.195815963595484785e-05 -4.565798747894350096e-06 -5.843215346329909459e-05 -9.952719058264833396e-05 -1.931482511748980747e-04
1.653065555216050005e-03 3.258684439798549873e-04 -1.791313879411683685e-02 3.003743990752765557e-05 -1.002042328349555545e-05 -7.010880444064948024e-07 4.501953655174294677e-07 -1.685840054646552105e-07 1.136754805391576685e-06 6.512767144701849556e-07 -5.422558753736425434e-07 7.716232168841944958e-07 2.647304144033776119e-06 7.560779073557173716e-07 -5.469776778609470870e-07 4.810625941693053329e-05 -1.111418524044209723e-04 -2.216098537623959659e-07 -3.147575726511285478e-07 2.527346055455839905e-06 2.613170729987707587e-06 4.411775560716780579e-06 5.978424831658396363e-06 5.751004337385087048e-06 4.464594812406378267e-06 6.494887074366821779e-06 6.997810304950721053e-06
-1.369132951088038730e-01 -1.791313879411683685e-02 4.702825847369851431e+00 3.091443373965915235e-03 -5.408436755686708494e-03 1.777370575130309818e-04 3.555509883339499412e-04 3.659808277172332575e-04 2.191044568475174659e-04 6.239753591301622692e-05 2.001220180988287568e-04 1.565144551517944137e-04 1.133585176271577653e-04 1.147309382428389929e-04 -3.773687559168777540e-04 -2.186890253351187179e-03 -3.493300644998605792e-02 1.811626739275286216e-04 3.872603387522514039e-04 4.730686453804540392e-04 6.412960537144377039e-04 6.614394120315227185e-04 2.605560551968743102e-04 -3.156045307443802305e-05 -3.065936664720686922e-04 -7.283375515958674142e-04 -1.133153121321486519e-03
1.835987721594248192e-05 3.003743990752765557e-05 3.091443373965915235e-03 1.923927172579154932e-05 1.306535396681079049e-05 -4.995424673563761298e-07 -4.795514425147910160e-07 -4.743912485563445563e-07 -4.666311851293000036e-07 -4.710935977506039540e-07 -7.336391849228093632e-07 -5.440169658619892452e-07 -1.720470207693271754e-07 2.795459233918274681e-08 -2.567235763275238579e-07 6.751812213726925827e-06 4.991420084276780155e-05 -1.503970595137488775e-07 -1.068193386962594009e-06 -1.925964959249676419e-06 -1.923818893759244268e-06 -1.848350009759290059e-06 -1.252466032827370239e-06 -9.057953872906050066e-07 -6.667379373070500597e-07 1.606740626021764612e-07 1.553422898536045516e-06
-7.169887406675630893e-04 -1.002042328349555545e-05 -5.408436755686708494e-03 1.306535396681079049e-05 8.876699671969574812e-05 -2.785916204665938358e-06 -3.823457852731814341e-06 -3.562214858782736231e-06 -3.669416323122001961e-06 -2.518477714736328232e-06 -3.811455368768491120e-06 -3.327983862726360246e-06 -3.732036789907579237e-06 -1.332749283757776969e-06 4.026355658877304193e-06 9.535257936725542889e-05 9.381523279717102681e-04 -1.295577280455664012e-06 -6.511064017495231820e-06 -1.068379292115870702e-05 -1.107234518732544655e-05 -1.148468819584939530e-05 -7.274205942057050544e-06 -4.187646237690820857e-06 4.664503289835387884e-07 5.633356370233184836e-06 1.499129821730171624e-05
2.330806457610575536e-05 -7.010880444064948024e-07 1.777370575130309818e-04 -4.995424673563761298e-07 -2.785916204665938358e-06 1.455674501085736200e-05 4.751667058273527591e-06 2.437273029585793840e-06 1.236497144396191142e-06 3.001907597072653017e-07 -3.054230155393868447e-07 -7.839942891304635765e-07 -7.956775128309772421e-07 -3.770885011185899188e-07 4.817249933052431540e-07 1.736386429964944142e-05 -7.633634942102538595e-04 -5.765540124113052187e-06 1.209562876898875218e-06 1.436094094197225340e-06 1.216672377589287804e-06 1.092248208840519755e-06 9.472067334574306971e-07 7.664831345329639350e-07 3.180415555876398378e-07 -4.432502690323376781e-07 -1.521605975583365503e-06
2.071100202247809708e-05 4.501953655174294677e-07 3.555509883339499412e-04 -4.795514425147910160e-07 -3.823457852731814341e-06 4.751667058273527591e-06 1.058585731291720528e-05 2.441718173452473161e-06 1.967220377883023060e-06 1.285415502797606372e-06 7.886920755400474680e-07 3.566792641283318627e-07 -3.836487901561724034e-08 -1.887615225660649648e-07 -3.519177713678821369e-07 2.041565515175889375e-05 -2.816035495518570990e-04 1.570278425578619225e-06 -1.185624742606469634e-05 1.254208045092441425e-06 1.178179535738178824e-06 1.589721248444581969e-06 1.656486966359869026e-06 1.584186016380361310e-06 1.471289663545160235e-06 9.784600092094387638e-07 3.568952814679205951e-07
1.412680396038933527e-05 -1.685840054646552105e-07 3.659808277172332575e-04 -4.743912485563445563e-07 -3.562214858782736231e-06 2.437273029585793840e-06 2.441718173452473161e-06 1.072555878267273564e-05 2.065515686768107586e-06 1.739295780657023084e-06 1.562273654336831115e-06 1.287726644781788811e-06 7.230460060903768505e-07 1.674004735998152101e-07 -3.082866935945359572e-07 2.218798076458399036e-05 -3.400279872533668827e-05 1.006936963670151276e-06 1.160386115121794092e-06 -1.333107525489501605e-05 1.356293646241544013e-06 1.653355928793881552e-06 1.734634291615551830e-06 1.778972573928701287e-06 1.976206496713217074e-06 1.923609443397511446e-06 1.606399230109541845e-06
2.386666197745178551e-05 1.136754805391576685e-06 2.191044568475174659e-04 -4.666311851293000036e-07 -3.669416323122001961e-06 1.236497144396191142e-06 1.967220377883023060e-06 2.065515686768107586e-06 1.183017834636671429e-05 2.194456540259127515e-06 2.129029260486550670e-06 1.698968899030041826e-06 1.169660755720255877e-06 5.587711322251938174e-07 -3.401567518507017281e-07 1.943343520123349505e-05 9.075735333082432760e-05 6.505427252918274530e-07 8.725499443645988967e-07 1.443576557788760274e-06 -1.274622691292668564e-05 1.299145000925265497e-06 1.477764830147090623e-06 1.954770237703829573e-06 2.179816870045626987e-06 2.151818953572328219e-06 1.988169569912060851e-06
1.612118181486260418e-05 6.512767144701849556e-07 6.239753591301622692e-05 -4.710935977506039540e-07 -2.518477714736328232e-06 3.001907597072653017e-07 1.285415502797606372e-06 1.739295780657023084e-06 2.194456540259127515e-06 1.267511110606435951e-05 2.010169222733786115e-06 1.816890668217385024e-06 1.299060979742439404e-06 4.644291071766575887e-07 -5.659763952799919176e-07 1.876095346172219647e-05 2.091027653391932975e-04 3.163752283204696404e-08 6.304429176654613428e-07 1.139413501020915365e-06 1.065997894283425721e-06 -1.183852329930047578e-05 1.443410801600827071e-06 1.648633518054590231e-06 1.920576524747247649e-06 2.259431327699820897e-06 2.278430566442736700e-06
2.204550669069614801e-05 -5.422558753736425434e-07 2.001220180988287568e-04 -7.336391849228093632e-07 -3.811455368768491120e-06 -3.054230155393868447e-07 7.886920755400474680e-07 1.562273654336831115e-06 2.129029260486550670e-06 2.010169222733786115e-06 1.369116263624010745e-05 2.061855571889468864e-06 1.869653329517017127e-06 1.146542003818955878e-06 -3.733452969752715392e-08 1.329415239360689076e-05 2.296515646827317948e-04 5.535876548991625404e-08 7.596104750824971839e-07 9.578231110655758538e-07 1.139646997625162384e-06 1.688159402684930851e-06 -1.010700968302141854e-05 1.571419079987569444e-06 1.739423652000520773e-06 1.922159721536245860e-06 2.007589022069204542e-06
2.053614955072337561e-05 7.716232168841944958e-07 1.565144551517944137e-04 -5.440169658619892452e-07 -3.327983862726360246e-06 -7.839942891304635765e-07 3.566792641283318627e-07 1.287726644781788811e-06 1.698968899030041826e-06 1.816890668217385024e-06 2.061855571889468864e-06 1.482163763447865200e-05 2.121074787416777507e-06 1.626400020613054785e-06 3.864293110169943285e-07 8.693231640012004624e-06 2.188089222265307337e-04 1.351518567310869467e-07 8.621289212940044559e-07 7.051347171652568426e-07 1.092887173206857625e-06 1.600018124435136734e-06 1.562825596488826510e-06 -8.870026916570639751e-06 1.431271235879462356e-06 1.715626915355081343e-06 1.869366518701929783e-06
3.853907114102476413e-05 2.647304144033776119e-06 1.133585176271577653e-04 -1.720470207693271754e-07 -3.732036789907579237e-06 -7.956775128309772421e-07 -3.836487901561724034e-08 7.230460060903768505e-07 1.169660755720255877e-06 1.299060979742439404e-06 1.869653329517017127e-06 2.121074787416777507e-06 1.584568408529314745e-05 2.072908151187864404e-06 6.273921392014341612e-07 -3.086001431746993249e-06 1.394723108126003162e-04 -3.309515965099181767e-07 9.528122699180844453e-07 9.708593248639515130e-07 1.112473063071563222e-06 1.353094378459944132e-06 1.079485213028085958e-06 9.635508121914422075e-07 -7.641736079870175733e-06 8.495097808989974500e-07 9.603304501464742991e-07
7.872912558858259166e-06 7.560779073557173716e-07 1.147309382428389929e-04 2.795459233918274681e-08 -1.332749283757776969e-06 -3.770885011185899188e-07 -1.887615225660649648e-07 1.674004735998152101e-07 5.587711322251938174e-07 4.644291071766575887e-07 1.146542003818955878e-06 1.626400020613054785e-06 2.072908151187864404e-06 1.865468276713940738e-05 2.083336572991039691e-06 -1.511938981706521925e-05 -3.385438316263414681e-05 -5.341795826300217714e-09 5.145425506364909299e-07 8.769089010015252076e-07 6.627582755958691259e-07 1.180486105788529927e-06 5.885225351667813854e-07 4.709768654354542476e-07 3.318505228689165576e-07 -6.544451393448924020e-06 1.254868094171716535e-07
-5.153861187319040032e-05 -5.469776778609478282e-07 -3.773687559168779166e-04 -2.567235763275234873e-07 4.026355658877302499e-06 4.817249933052431540e-07 -3.519177713678822428e-07 -3.082866935945356925e-07 -3.401567518507016222e-07 -5.659763952799918117e-07 -3.733452969752688260e-08 3.864293110169944873e-07 6.273921392014341612e-07 2.083336572991039691e-06 2.314734495576333591e-05 -2.024967722210681850e-05 -2.311570451131882598e-04 9.531837379060927359e-08 5.039544290081689265e-07 6.713424102053443268e-08 5.180857289279132817e-08 6.425458739025246741e-07 2.704525803499380881e-07 3.131924372712986311e-07 3.402172784944216390e-07 2.499528905045423612e-07 -4.501902970533913261e-06
-1.364608545449217704e-03 4.810625941693053329e-05 -2.186890253351187179e-03 6.751812213726925827e-06 9.535257936725542889e-05 1.736386429964944142e-05 2.041565515175889375e-05 2.218798076458399036e-05 1.943343520123349505e-05 1.876095346172219647e-05 1.329415239360689076e-05 8.693231640012004624e-06 -3.086001431746993249e-06 -1.511938981706521925e-05 -2.024967722210681850e-05 1.295246846991769587e-03 6.512860892895743110e-03 2.402065421854016815e-06 -1.210070936926965340e-05 -2.719112870381366667e-05 -2.633262021951583953e-05 -2.705714157133316667e-05 -1.778345669177003573e-05 -1.026632549785738276e-05 3.919034376918365251e-06 1.794995096787199818e-05 4.083987052619900458e-05
-1.150240576720092632e-02 -1.111418524044209723e-04 -3.493300644998605792e-02 4.991420084276780155e-05 9.381523279717102681e-04 -7.633634942102538595e-04 -2.816035495518570990e-04 -3.400279872533668827e-05 9.075735333082432760e-05 2.091027653391932975e-04 2.296515646827317948e-04 2.188089222265307337e-04 1.394723108126003162e-04 -3.385438316263414681e-05 -2.311570451131882598e-04 6.512860892895743110e-03 1.549784983586800502e-01 -1.598573927213856689e-04 -5.835770543425654544e-05 -1.153069054329174407e-04 -1.181935900701550622e-04 -1.844470921760811306e-04 -1.378814207256260672e-04 -7.879360628230002871e-05 3.417618337992235091e-05 1.952543076971530059e-04 4.461388539334472316e-04
3.976286982898656161e-06 -2.216098537623958071e-07 1.811626739275288655e-04 -1.503970595137490363e-07 -1.295577280455664648e-06 -5.765540124113054728e-06 1.570278425578619860e-06 1.006936963670151276e-06 6.505427252918272413e-07 3.163752283204698390e-08 5.535876548991637977e-08 1.351518567310870791e-07 -3.309515965099181767e-07 -5.341795826300217714e-09 9.531837379060927359e-08 2.402065421854016815e-06 -1.598573927213856689e-04 9.488552089195021627e-05 7.282844591398203995e-07 6.948706240384397993e-07 4.774486004288046931e-07 1.195417643577386328e-06 9.505862488853206752e-07 4.426713858994977718e-07 4.908275658598539190e-07 2.129245185807122702e-07 -3.126335389876301301e-08
4.791091980315202015e-05 -3.147575726511285478e-07 3.872603387522514039e-04 -1.068193386962594009e-06 -6.511064017495231820e-06 1.209562876898875218e-06 -1.185624742606469634e-05 1.160386115121794092e-06 8.725499443645988967e-07 6.304429176654613428e-07 7.596104750824971839e-07 8.621289212940044559e-07 9.528122699180844453e-07 5.145425506364909299e-07 5.039544290081689265e-07 -1.210070936926965340e-05 -5.835770543425654544e-05 7.282844591398203995e-07 8.202396657925426849e-05 3.201457166160840140e-06 3.682621078602477724e-06 3.683593290416822149e-06 3.206501111217623973e-06 2.537170845134852352e-06 1.957001398380241828e-06 1.814835410972053835e-06 7.039231917595143276e-07
7.474701828017092328e-05 2.527346055455839905e-06 4.730686453804540392e-04 -1.925964959249676419e-06 -1.068379292115870702e-05 1.436094094197225340e-06 1.254208045092441425e-06 -1.333107525489501605e-05 1.443576557788760274e-06 1.139413501020915365e-06 9.578231110655758538e-07 7.051347171652568426e-07 9.708593248639515130e-07 8.769089010015252076e-07 6.713424102053443268e-08 -2.719112870381366667e-05 -1.153069054329174407e-04 6.948706240384397993e-07 3.201457166160840140e-06 6.708590630706860389e-05 5.482250980240438416e-06 5.900023707228356662e-06 5.679697256966835821e-06 5.223540615816276858e-06 4.221260445322768801e-06 3.344651195324894333e-06 1.929419866003733263e-06
5.767331099689941115e-05 2.613170729987706317e-06 6.412960537144374870e-04 -1.923818893759244268e-06 -1.107234518732544655e-05 1.216672377589287593e-06 1.178179535738178824e-06 1.356293646241543378e-06 -1.274622691292668564e-05 1.065997894283425721e-06 1.139646997625162172e-06 1.092887173206857413e-06 1.112473063071563222e-06 6.627582755958691259e-07 5.180857289279132817e-08 -2.633262021951583953e-05 -1.181935900701550622e-04 4.774486004288046931e-07 3.682621078602477724e-06 5.482250980240438416e-06 5.348956911269094939e-05 7.980824482907209104e-06 7.563006422177043494e-06 7.007643598237958247e-06 6.458727505342478953e-06 5.919844513276634669e-06 4.531342726360665264e-06
5.496950721229916758e-05 4.411775560716780579e-06 6.614394120315227185e-04 -1.848350009759290059e-06 -1.148468819584939530e-05 1.092248208840519755e-06 1.589721248444581969e-06 1.653355928793881552e-06 1.299145000925265497e-06 -1.183852329930047578e-05 1.688159402684930851e-06 1.600018124435136734e-06 1.353094378459944132e-06 1.180486105788529927e-06 6.425458739025246741e-07 -2.705714157133316667e-05 -1.844470921760811306e-04 1.195417643577386328e-06 3.683593290416822149e-06 5.900023707228356662e-06 7.980824482907209104e-06 4.434543004671104749e-05 8.635917154793583422e-06 8.612281875508140261e-06 8.453028506822384358e-06 7.668399998139067904e-06 6.305708262830838674e-06
2.195815963595484785e-05 5.978424831658396363e-06 2.605560551968743102e-04 -1.252466032827370239e-06 -7.274205942057050544e-06 9.472067334574306971e-07 1.656486966359869026e-06 1.734634291615551830e-06 1.477764830147090623e-06 1.443410801600827071e-06 -1.010700968302141854e-05 1.562825596488826510e-06 1.079485213028085958e-06 5.885225351667813854e-07 2.704525803499380881e-07 -1.778345669177003573e-05 -1.378814207256260672e-04 9.505862488853206752e-07 3.206501111217623973e-06 5.679697256966835821e-06 7.563006422177043494e-06 8.635917154793583422e-06 3.544759126404928518e-05 9.475429452557608198e-06 9.731826300937575526e-06 9.635254722845486020e-06 8.711128920082630814e-06
-4.565798747894353484e-06 5.751004337385086201e-06 -3.156045307443794174e-05 -9.057953872906047949e-07 -4.187646237690820857e-06 7.664831345329640409e-07 1.584186016380361310e-06 1.778972573928700864e-06 1.954770237703829150e-06 1.648633518054590019e-06 1.571419079987569656e-06 -8.870026916570639751e-06 9.635508121914422075e-07 4.709768654354542476e-07 3.131924372712986311e-07 -1.026632549785738276e-05 -7.879360628230002871e-05 4.426713858994977718e-07 2.537170845134852352e-06 5.223540615816276858e-06 7.007643598237958247e-06 8.612281875508140261e-06 9.475429452557608198e-06 2.982251328253619814e-05 1.105774712393713689e-05 1.119208728404121492e-05 1.070534549559246586e-05
-5.843215346329909459e-05 4.464594812406378267e-06 -3.065936664720686922e-04 -6.667379373070500597e-07 4.664503289835387884e-07 3.180415555876398378e-07 1.471289663545160235e-06 1.976206496713217074e-06 2.179816870045626987e-06 1.920576524747247649e-06 1.739423652000520773e-06 1.431271235879462356e-06 -7.641736079870175733e-06 3.318505228689165576e-07 3.402172784944216390e-07 3.919034376918365251e-06 3.417618337992235091e-05 4.908275658598539190e-07 1.957001398380241828e-06 4.221260445322768801e-06 6.458727505342478953e-06 8.453028506822384358e-06 9.731826300937575526e-06 1.105774712393713689e-05 2.592040114157581369e-05 1.303949434825970166e-05 1.330871421511363937e-05
-9.952719058264833396e-05 6.494887074366821779e-06 -7.283375515958674142e-04 1.606740626021764612e-07 5.633356370233184836e-06 -4.432502690323376781e-07 9.784600092094387638e-07 1.923609443397511446e-06 2.151818953572328219e-06 2.259431327699820897e-06 1.922159721536245860e-06 1.715626915355081343e-06 8.495097808989974500e-07 -6.544451393448924020e-06 2.499528905045423612e-07 1.794995096787199818e-05 1.952543076971530059e-04 2.129245185807122702e-07 1.814835410972053835e-06 3.344651195324894333e-06 5.919844513276634669e-06 7.668399998139067904e-06 9.635254722845486020e-06 1.119208728404121492e-05 1.303949434825970166e-05 2.364836991472991831e-05 1.582052351424943166e-05
-1.931482511748980205e-04 6.997810304950718512e-06 -1.133153121321486953e-03 1.553422898536045727e-06 1.499129821730171794e-05 -1.521605975583365714e-06 3.568952814679204893e-07 1.606399230109542269e-06 1.988169569912060427e-06 2.278430566442737123e-06 2.007589022069204966e-06 1.869366518701929783e-06 9.603304501464742991e-07 1.254868094171716535e-07 -4.501902970533913261e-06 4.083987052619900458e-05 4.461388539334472316e-04 -3.126335389876301301e-08 7.039231917595143276e-07 1.929419866003733263e-06 4.531342726360665264e-06 6.305708262830838674e-06 8.711128920082630814e-06 1.070534549559246586e-05 1.330871421511363937e-05 1.582052351424943166e-05 2.442456791451911788e-05
