# As_1e9 ns H0 omegab omegam LSST_DZ_S1 LSST_DZ_S2 LSST_DZ_S3 LSST_DZ_S4 LSST_DZ_S5 LSST_DZ_S6 LSST_DZ_S7 LSST_DZ_S8 LSST_DZ_S9 LSST_DZ_S10 LSST_A1_1 LSST_A1_2 LSST_M1 LSST_M2 LSST_M3 LSST_M4 LSST_M5 LSST_M6 LSST_M7 LSST_M8 LSST_M9 LSST_M10 LSST_B1_1 LSST_B1_2 LSST_B1_3 LSST_B1_4 LSST_B1_5 LSST_B1_6 LSST_B1_7 LSST_B1_8 LSST_B1_9 LSST_B1_10
1.011311509074909638e-02 1.186565225224431004e-03 -1.619033204460090525e-01 -4.610375535405990158e-05 -8.662533531092352264e-05 6.353305468088715421e-06 1.262211057258128870e-05 1.479850604121961707e-06 1.916105404416621070e-06 -4.380548216720737179e-06 -5.508588015609626885e-06 -9.127445291375833734e-06 -1.445385880596746427e-05 -1.235665440825763311e-05 -2.719802413725876697e-05 8.396447439759311944e-05 -5.817509197608418349e-04 -6.363487042583617074e-06 -3.261215660420302003e-05 -9.312089974680138246e-06 -1.930403392815296780e-05 -1.559277467863984262e-05 -2.114045598467109729e-05 -2.577699734673435234e-05 -2.949876041130060185e-05 -4.014085671688695170e-05 -4.634401767356749311e-05 -2.967316665574503505e-04 -2.985140629637684714e-04 -4.818830046686460654e-04 -5.250603529861746230e-04 -5.160218438056702727e-04 -5.872297688538891764e-04 -6.216489373139365716e-04 -6.406091375753187505e-04 -9.261210949820222662e-04 -1.580639285809889646e-03
1.186565225224431004e-03 1.943059479708042351e-04 -2.119349859813601106e-02 -1.181455104759089984e-06 -2.095387062171921173e-06 -2.361875627579283281e-06 -1.298911967517355089e-06 -2.374654530540395076e-06 -1.984281903459834598e-06 -2.370612645483175369e-06 -1.976006088122076368e-06 -2.038231951623299985e-06 -1.694738276367857078e-06 -1.454799247228829761e-07 -4.366745668165221835e-07 2.910802616961131149e-05 -2.347642964697474645e-05 -1.039859453187192981e-06 -3.298468261589200155e-06 1.107009794609476527e-06 1.187666996915537374e-06 2.384416894843179446e-06 2.449150054062426826e-06 2.888325571476689871e-06 3.108225904003176054e-06 2.634830141026526238e-06 3.680347685014739449e-06 8.047452317332703491e-07 7.767897701961096746e-06 -4.667400029277509577e-06 -3.112597765435092348e-06 2.762733217140746303e-08 -9.338649920827419127e-07 1.619643686644855917e-06 1.512234872197348995e-05 -9.924462282737831544e-06 -1.174438247384734042e-04
-1.619033204460090525e-01 -2.119349859813600759e-02 4.379965338564072219e+00 1.925000374962711116e-03 -4.369631629931483401e-03 5.582327324551041416e-04 6.852644449828115478e-04 9.604638215465799477e-04 9.514618044054288940e-04 9.258962332193285604e-04 8.891246076000821523e-04 6.779982823279735770e-04 5.775618625337521940e-04 5.970537023876989108e-05 -4.787427408401382506e-04 4.032602995495578914e-03 2.451181291790067995e-02 3.473914920805883214e-05 7.489147084952241240e-04 4.255401021674381059e-04 5.762450637605121386e-04 4.993167359603609872e-04 3.937131510457690079e-04 4.328606071830888276e-04 2.227836855010941191e-04 1.927539077955713965e-04 -1.283859152636192735e-04 -9.219906203811127632e-03 -1.002854985892424021e-02 -7.693863960977460371e-03 -8.219546991216884063e-03 -9.896117531640682280e-03 -1.005004014879473141e-02 -1.081893112941627148e-02 -1.287691755157350029e-02 -1.361201549604603399e-02 -4.734741398458373711e-03
-4.610375535405990158e-05 -1.181455104759089984e-06 1.925000374962709815e-03 3.906298123863269139e-06 8.398266841026911100e-07 -3.785248721918439317e-08 -7.679161287976849335e-08 -5.461667484822899809e-08 -3.739378614332217193e-08 -8.049217020107335127e-08 -3.091723185882548787e-08 -2.256137114470665389e-07 -1.032060577167265231e-07 -1.463215755010059842e-07 -1.381375944316965873e-07 5.249790475395645043e-07 5.870730594875095346e-06 2.231679393799686841e-08 -7.313118843497578573e-08 -1.672613584066706886e-07 -1.634337337640170386e-07 -1.658440890908620890e-07 -2.135539693215711361e-07 -4.359808045217316332e-08 -1.583445590469123320e-07 -1.510275535299094108e-07 -1.285830507653176176e-07 1.464311681623080213e-06 2.343913055630856316e-06 3.456580572394037513e-06 2.869004550248711918e-06 1.909232817789495910e-06 1.241503012249615329e-06 1.070475691785288666e-06 -6.943162234602722473e-07 -5.655982970838681614e-06 -2.059303925037404625e-05
-8.662533531092352264e-05 -2.095387062171921173e-06 -4.369631629931483401e-03 8.398266841026911100e-07 2.746515475269608599e-05 -2.552963023400282961e-06 -3.872463192639528589e-06 -4.430494856738305418e-06 -4.488345743735843246e-06 -4.124495292905296461e-06 -3.914385174012024438e-06 -3.093979696174607349e-06 -2.172933757895976562e-06 -2.541523518122835672e-07 3.468918268357565357e-06 -2.606179393724763051e-05 -5.515135056163546689e-05 3.113143994016259352e-07 -1.889819092688817892e-06 -3.004319931383572689e-06 -3.541788703709500538e-06 -3.739298533448571713e-06 -3.234710404939394447e-06 -3.078202556769173655e-06 -2.260191420006164051e-06 -1.513581163508196013e-06 7.344630277052427775e-08 5.957687514135278408e-05 6.386634529367524562e-05 6.690841478568139162e-05 7.051620489900799866e-05 7.536555625967350340e-05 7.856450367729456272e-05 8.366514660555369868e-05 8.914914994530028609e-05 1.041984624809537554e-04 9.119423029244591486e-05
6.353305468088715421e-06 -2.361875627579283281e-06 5.582327324551042500e-04 -3.785248721918439317e-08 -2.552963023400282961e-06 4.052412923417689652e-06 2.114215539345091552e-06 1.609875945882152119e-06 1.322905149354170532e-06 1.099835394049936723e-06 8.676806919954823699e-07 6.012271311184288774e-07 3.494014697994156406e-07 7.734117048309559200e-08 4.193872387637204790e-08 4.824744417861690242e-06 -8.173567631658563688e-05 -2.516882837525054856e-06 1.136521471784319797e-06 1.103636643722362350e-06 8.238967106639435887e-07 6.485203816951907957e-07 4.592458890806691442e-07 3.017240861765036436e-07 8.639435931106900302e-08 -1.262966596305322422e-07 -6.218893297822678221e-07 4.053349610965432037e-06 -3.937073331032314197e-06 -9.279054501330669631e-06 -1.124836090172674506e-05 -1.098752053895215906e-05 -1.077081333807692855e-05 -1.081016025791195506e-05 -1.082808294691024564e-05 -1.066457957606530365e-05 -1.054256516231033267e-05
1.262211057258128870e-05 -1.298911967517355089e-06 6.852644449828116562e-04 -7.679161287976849335e-08 -3.872463192639528589e-06 2.114215539345091552e-06 3.937144729091808112e-06 2.226041674354725676e-06 1.714303459054550185e-06 1.582236648986369261e-06 1.460775658675555846e-06 1.181460047043352474e-06 9.316047888618533851e-07 6.512554394862858982e-07 2.124397582539485218e-08 6.951118457649209002e-06 -2.624851123913156807e-05 9.881306173290340871e-07 -4.356588387734719179e-06 2.629452759325884313e-07 1.062252833606864463e-06 9.244045850094179491e-07 7.162251002745530392e-07 6.975686537549828093e-07 5.477487504537614624e-07 3.351659268363814496e-07 -3.194008501930448050e-08 -2.844583400919171961e-06 -1.043109205249624900e-06 -7.216703812728875808e-06 -1.285022223726008094e-05 -1.371583405553626885e-05 -1.425246663724297936e-05 -1.502070450337899299e-05 -1.512653956816657358e-05 -1.601706133895337928e-05 -9.914638531076958050e-06
1.479850604121963401e-06 -2.374654530540394652e-06 9.604638215465799477e-04 -5.461667484822913705e-08 -4.430494856738305418e-06 1.609875945882152331e-06 2.226041674354725253e-06 3.996100074159839994e-06 2.564421134977241149e-06 1.921463791058876191e-06 1.975148514159616540e-06 1.676990629746318389e-06 1.438648542592455064e-06 1.012040944151905074e-06 1.537769495732474818e-07 7.433931153685074235e-06 4.983055089704827782e-06 5.721220794394251700e-07 2.591222633859432140e-07 -3.526354379138064701e-06 5.385326789375135547e-08 1.066519489585640217e-06 7.766512704586849217e-07 8.734900479200947074e-07 7.643516141998066717e-07 7.071922204711510932e-07 3.979978611068895362e-07 -1.502393174607565319e-06 -7.558774179249355475e-06 -3.898263588378318015e-06 -6.814038032490474643e-06 -1.355716965733154132e-05 -1.570560313170244152e-05 -1.618911193487673926e-05 -1.550547520515356938e-05 -1.686507847046873166e-05 -1.626027193102261824e-05
1.916105404416621070e-06 -1.984281903459834598e-06 9.514618044054291108e-04 -3.739378614332217193e-08 -4.488345743735843246e-06 1.322905149354170532e-06 1.714303459054550185e-06 2.564421134977240725e-06 4.255594935559079346e-06 2.772263916518259744e-06 2.086948424665013386e-06 1.950613518116507394e-06 1.777845540038228049e-06 1.437456640413193521e-06 2.253553480248446017e-07 7.834575101687597329e-06 3.412386952478368963e-05 1.735010832062549674e-08 6.426249289391547707e-07 -5.135327813819877681e-07 -2.923054075111858295e-06 -3.995505314483110949e-08 8.897373594151010163e-07 8.632300173186763371e-07 7.524154624965836132e-07 6.876905254786967900e-07 5.741883496844037082e-07 -2.888749952457646304e-06 -4.025908189467182529e-06 -7.715041978226391001e-06 -4.596543064210609973e-06 -6.853256585544247096e-06 -1.426061997217493890e-05 -1.699074872058778531e-05 -1.586295087908826232e-05 -1.730256378089502377e-05 -3.454357437496451930e-06
-4.380548216720737179e-06 -2.370612645483175369e-06 9.258962332193285604e-04 -8.049217020107335127e-08 -4.124495292905296461e-06 1.099835394049936723e-06 1.582236648986369261e-06 1.921463791058876191e-06 2.772263916518259744e-06 4.876694154224138479e-06 3.119059550467032726e-06 2.266791973017492125e-06 2.009450618252174628e-06 1.501310087931918340e-06 7.207855023800886442e-07 7.795137080678496216e-06 4.934613307080109408e-05 -1.480470675891734405e-07 4.299178202760190871e-07 7.057930848849553396e-07 -2.496259198156937460e-07 -2.806501378817306604e-06 3.569306465150879297e-08 1.002515691415381138e-06 1.024458919904078339e-06 1.080931915106582093e-06 8.772231630831157451e-07 -3.088746491506610773e-06 -3.225016221527631129e-06 -2.607620992961028916e-06 -6.170347148147694128e-06 -2.979107563109327390e-06 -5.420977393514856172e-06 -1.390971317863161737e-05 -1.654291374299449177e-05 -1.910341673994684538e-05 -6.307684212443581505e-06
-5.508588015609626885e-06 -1.976006088122076368e-06 8.891246076000819355e-04 -3.091723185882548787e-08 -3.914385174012024438e-06 8.676806919954823699e-07 1.460775658675555846e-06 1.975148514159616540e-06 2.086948424665013386e-06 3.119059550467032726e-06 6.069397418406337398e-06 3.410979651865362759e-06 2.283679584983624526e-06 1.958497262875453009e-06 1.117297572954490048e-06 6.723592267781202705e-06 5.238071640944750901e-05 -2.184476720195373176e-07 3.506138733342699139e-07 3.734990651104331372e-07 9.026108454891948808e-07 -1.846797889583683957e-07 -3.120500280896280482e-06 2.454951631025651529e-07 1.217396123733807936e-06 1.244042552840692966e-06 1.096556297477019079e-06 -3.557364510536500750e-06 -3.228842450666464098e-06 -1.920546906578886220e-06 -1.006421683594744394e-06 -4.589958782353510765e-06 5.919739944154564345e-07 -3.734300252454874098e-06 -1.416651019315512629e-05 -1.854689480371280293e-05 -5.970064915615640188e-06
-9.127445291375833734e-06 -2.038231951623299985e-06 6.779982823279736854e-04 -2.256137114470665389e-07 -3.093979696174607349e-06 6.012271311184288774e-07 1.181460047043352474e-06 1.676990629746317542e-06 1.950613518116507394e-06 2.266791973017492125e-06 3.410979651865362759e-06 7.200298174180188321e-06 3.313371427839772728e-06 2.751817296362160496e-06 1.626881074157762214e-06 4.789573364870761940e-06 5.091398793663736962e-05 -2.902238723059107971e-07 2.127860621153376676e-07 2.393400784715908240e-07 5.317346447527539671e-07 5.322210319589046302e-07 -4.445121268838652062e-07 -3.293585423995956864e-06 4.783633630567304816e-07 9.307331119686214358e-07 1.061756228623402672e-06 -2.906611443311031715e-06 -2.413195100554813829e-06 -6.327871091345838328e-07 8.793348066554756421e-07 1.059178128950574491e-06 -1.720997015772993787e-06 6.379273823806994201e-06 2.647062173702629641e-07 -1.048637131790170142e-05 5.464511527538315631e-06
-1.445385880596747274e-05 -1.694738276367856443e-06 5.775618625337521940e-04 -1.032060577167265496e-07 -2.172933757895976562e-06 3.494014697994155876e-07 9.316047888618531734e-07 1.438648542592455064e-06 1.777845540038228049e-06 2.009450618252174628e-06 2.283679584983625373e-06 3.313371427839772728e-06 9.440018520688434167e-06 3.446589288939125187e-06 2.325932112744183727e-06 2.597074161969178335e-06 4.690647037428761687e-05 -2.897086179323577829e-07 -6.797239207523160092e-08 -4.826474861728434753e-08 1.618736417987125024e-07 3.385568564143869532e-07 4.429315076133959258e-07 -1.192265876814406764e-07 -3.787723829066062751e-06 5.528833058517744619e-07 8.685606700261996673e-07 -1.181364964825090975e-06 -9.218630377799362675e-07 1.166554641748288891e-06 2.836769238645281239e-06 3.184424009705130908e-06 3.013538808061484204e-06 9.817019546080787624e-07 1.365840215653528856e-05 1.598834592448367109e-06 3.119868870996662086e-06
-1.235665440825763311e-05 -1.454799247228829761e-07 5.970537023876991818e-05 -1.463215755010059842e-07 -2.541523518122835672e-07 7.734117048309559200e-08 6.512554394862858982e-07 1.012040944151905497e-06 1.437456640413193521e-06 1.501310087931918340e-06 1.958497262875453009e-06 2.751817296362160496e-06 3.446589288939124763e-06 1.295778687723644797e-05 3.288949403413152739e-06 -1.994872131591981556e-06 3.029711422262092441e-06 3.050065588834435427e-08 -5.377772563750417715e-07 -2.851786122222734205e-07 -3.138078329964393941e-07 2.030802588888217401e-07 1.759445925162074550e-07 -6.329975383936974262e-08 5.030114837363575133e-08 -3.569049392410713218e-06 9.043065111463396311e-07 2.293498588395365019e-06 4.027833003070678306e-06 5.883898351932852796e-06 7.023691132885344036e-06 9.036650427102119223e-06 9.565426304537115931e-06 1.118445152424822061e-05 1.142921869031950212e-05 4.111284343411665873e-05 1.814569940129246228e-05
-2.719802413725876697e-05 -4.366745668165221835e-07 -4.787427408401382506e-04 -1.381375944316965873e-07 3.468918268357565357e-06 4.193872387637204790e-08 2.124397582539485218e-08 1.537769495732474818e-07 2.253553480248446017e-07 7.207855023800886442e-07 1.117297572954490048e-06 1.626881074157762214e-06 2.325932112744183727e-06 3.288949403413152739e-06 2.052563888613543662e-05 -9.575270816967293468e-06 -8.928857678639118051e-05 -4.145884268366080925e-08 -7.751066396993001783e-07 -1.083415579619702380e-06 -8.386808219389898121e-07 -1.146625520165395034e-06 -1.112170739606983353e-06 -9.828721499568431714e-07 -8.482040449945150852e-07 -5.212505016858012876e-07 -4.090619754998159440e-06 9.507086820144014280e-06 1.103763806815076299e-05 1.384656562250618491e-05 1.468006944983278997e-05 1.688784605471488638e-05 1.994754875629636863e-05 2.359898177045287153e-05 2.454791827659952893e-05 1.759035439562882966e-05 3.936628479030399887e-05
8.396447439759311944e-05 2.910802616961131149e-05 4.032602995495577179e-03 5.249790475395645043e-07 -2.606179393724763051e-05 4.824744417861690242e-06 6.951118457649209002e-06 7.433931153685074235e-06 7.834575101687597329e-06 7.795137080678496216e-06 6.723592267781202705e-06 4.789573364870761940e-06 2.597074161969176217e-06 -1.994872131591981556e-06 -9.575270816967293468e-06 2.509673691301721188e-04 1.012265184703539178e-03 5.813837667127583153e-06 2.764929381806140051e-06 5.844452712698864754e-07 -1.602165875144264823e-06 -2.700930446393902464e-06 -2.839724878256119820e-06 -2.068908535248852292e-06 -2.361733724962233791e-06 -1.946290267150616284e-06 -1.925109500304341212e-06 -2.649752279266928020e-05 -3.337242519406445130e-05 -4.525865862997792134e-05 -4.966632346159546868e-05 -6.486308104974118356e-05 -9.127631773483079435e-05 -1.023417642052937607e-04 -1.172466789986393866e-04 -1.583911131639875074e-04 7.891366410868024743e-05
-5.817509197608418349e-04 -2.347642964697474645e-05 2.451181291790068689e-02 5.870730594875095346e-06 -5.515135056163546689e-05 -8.173567631658563688e-05 -2.624851123913156807e-05 4.983055089704820159e-06 3.412386952478368963e-05 4.934613307080109408e-05 5.238071640944750901e-05 5.091398793663736962e-05 4.690647037428761687e-05 3.029711422262092441e-06 -8.928857678639118051e-05 1.012265184703539178e-03 2.619387356115666227e-02 -1.718701805434520887e-04 -3.069901753209379702e-05 1.434276740863020401e-05 4.835134842149646641e-06 -6.941776098043316927e-06 -6.055889973958610752e-06 -7.428386071897282200e-06 -1.366707228790243137e-05 -5.574608046562818373e-06 8.711371197274752666e-06 -3.211708677086206297e-04 -1.792918721539577388e-04 -3.080579518067572115e-05 7.198336815188720891e-05 -2.426334014764053087e-05 -3.739272132332045035e-04 -6.212860092318977720e-04 -9.718657302982134294e-04 -1.394073386998079212e-03 1.459170027603992744e-03
-6.363487042583611144e-06 -1.039859453187193616e-06 3.473914920805883214e-05 2.231679393799680223e-08 3.113143994016259352e-07 -2.516882837525054432e-06 9.881306173290338753e-07 5.721220794394251700e-07 1.735010832062546035e-08 -1.480470675891734405e-07 -2.184476720195370264e-07 -2.902238723059107441e-07 -2.897086179323577829e-07 3.050065588834400355e-08 -4.145884268366080925e-08 5.813837667127584000e-06 -1.718701805434521158e-04 8.361915647936467647e-05 3.388576026744637367e-06 2.432112880225764459e-06 2.199044617377478535e-06 1.808821317666329989e-06 1.340661289326246604e-06 1.102931000155603623e-06 8.685927542435262161e-07 6.954191522424443980e-07 6.203660200520477436e-07 -1.247893468995127985e-05 -8.244010107568105526e-08 6.195487201864196233e-06 3.879300108603938975e-06 1.496500012474703340e-06 1.764739798052098211e-06 1.261311749810984550e-06 3.838810820009633582e-06 6.730416187213255292e-06 -8.153945500164056163e-06
-3.261215660420302003e-05 -3.298468261589200155e-06 7.489147084952240156e-04 -7.313118843497578573e-08 -1.889819092688817892e-06 1.136521471784319797e-06 -4.356588387734719179e-06 2.591222633859431081e-07 6.426249289391547707e-07 4.299178202760190871e-07 3.506138733342699139e-07 2.127860621153376676e-07 -6.797239207523130975e-08 -5.377772563750417715e-07 -7.751066396993001783e-07 2.764929381806140051e-06 -3.069901753209379702e-05 3.388576026744637367e-06 5.363010009037508837e-05 6.716877909080670812e-06 5.349413092063862507e-06 5.560697510290474323e-06 5.277574828560861853e-06 5.029769702282927743e-06 4.795187039580106130e-06 4.588892796124163102e-06 4.157889046546230270e-06 1.021318229995282583e-06 -1.823952456656462029e-05 -4.304282423204250032e-06 6.901837765553359232e-06 5.318310176177825288e-06 5.119984825997649392e-06 4.794247423981034785e-06 3.087257807248967981e-06 -9.250137638608075966e-07 -8.204136268518060382e-06
-9.312089974680138246e-06 1.107009794609476527e-06 4.255401021674381059e-04 -1.672613584066706886e-07 -3.004319931383572689e-06 1.103636643722362350e-06 2.629452759325884313e-07 -3.526354379138064701e-06 -5.135327813819877681e-07 7.057930848849553396e-07 3.734990651104331372e-07 2.393400784715908240e-07 -4.826474861728434753e-08 -2.851786122222734205e-07 -1.083415579619702380e-06 5.844452712698864754e-07 1.434276740863020401e-05 2.432112880225764459e-06 6.716877909080670812e-06 3.443881120493987545e-05 9.041798284168681214e-06 6.963729664562619566e-06 7.442425968877927903e-06 7.346073407802581134e-06 7.148679440008360863e-06 6.819069807820915450e-06 6.476489239959417476e-06 -3.723384301988283226e-06 1.516065524255412474e-06 -1.026904306473069700e-05 -6.455896094479191008e-06 5.971157044544686368e-06 9.104982531622361181e-06 6.310148138288734761e-06 2.532392955928136834e-06 -2.060989813441826829e-06 1.340460596159174683e-05
-1.930403392815296780e-05 1.187666996915537374e-06 5.762450637605123554e-04 -1.634337337640170386e-07 -3.541788703709500538e-06 8.238967106639435887e-07 1.062252833606864463e-06 5.385326789375142827e-08 -2.923054075111858295e-06 -2.496259198156937460e-07 9.026108454891948808e-07 5.317346447527539671e-07 1.618736417987124760e-07 -3.138078329964393941e-07 -8.386808219389898121e-07 -1.602165875144264823e-06 4.835134842149646641e-06 2.199044617377478535e-06 5.349413092063862507e-06 9.041798284168681214e-06 2.636558614553619352e-05 9.895924073979571540e-06 8.379446203478802075e-06 8.737170074156339877e-06 8.835888974276867537e-06 8.717200822660260451e-06 8.249363594643269881e-06 9.629859900848283725e-07 -2.206066380528972874e-06 3.214056122946742420e-06 -5.091399709640361752e-06 -3.385474478949146989e-06 8.463426826527562451e-06 1.029108614360620354e-05 5.547586255932653421e-06 7.373134801610502920e-07 -8.154983017704690301e-06
-1.559277467863984262e-05 2.384416894843179446e-06 4.993167359603609872e-04 -1.658440890908620890e-07 -3.739298533448571713e-06 6.485203816951907957e-07 9.244045850094179491e-07 1.066519489585640217e-06 -3.995505314483110949e-08 -2.806501378817306604e-06 -1.846797889583683957e-07 5.322210319589046302e-07 3.385568564143870591e-07 2.030802588888217401e-07 -1.146625520165395034e-06 -2.700930446393902464e-06 -6.941776098043316927e-06 1.808821317666330200e-06 5.560697510290474323e-06 6.963729664562619566e-06 9.895924073979571540e-06 2.225480462113783224e-05 1.019044522059035572e-05 9.355828271981050522e-06 9.392325803334159956e-06 9.234831945611585128e-06 9.116855353793492891e-06 4.462376397517474952e-06 9.208844184537124142e-07 2.387498222196648989e-07 3.455539873330352061e-06 -3.177518626775457055e-06 -3.897398892330589074e-07 9.446110531503421591e-06 1.100051149343243239e-05 8.317193717306147925e-06 3.444865310433919298e-06
-2.114045598467109729e-05 2.449150054062426826e-06 3.937131510457690079e-04 -2.135539693215712420e-07 -3.234710404939394447e-06 4.592458890806690912e-07 7.162251002745528274e-07 7.766512704586849217e-07 8.897373594151011222e-07 3.569306465150879297e-08 -3.120500280896280058e-06 -4.445121268838649945e-07 4.429315076133959258e-07 1.759445925162075609e-07 -1.112170739606983353e-06 -2.839724878256119820e-06 -6.055889973958599740e-06 1.340661289326246604e-06 5.277574828560861006e-06 7.442425968877927903e-06 8.379446203478803769e-06 1.019044522059035741e-05 1.998448467273992746e-05 1.079554025699819841e-05 9.933710718507659444e-06 9.944121793383944757e-06 9.963824407385249562e-06 8.066442596470383978e-06 5.307117948897349953e-06 5.141706315661722019e-06 3.181212494926404100e-06 5.692116691451790201e-06 -7.391500791470367868e-07 2.245666251313005803e-06 1.286816127362687671e-05 1.223154049163169106e-05 9.562697094352422232e-06
-2.577699734673435234e-05 2.888325571476689871e-06 4.328606071830890445e-04 -4.359808045217316332e-08 -3.078202556769173655e-06 3.017240861765036436e-07 6.975686537549828093e-07 8.734900479200946015e-07 8.632300173186763371e-07 1.002515691415381138e-06 2.454951631025651529e-07 -3.293585423995956864e-06 -1.192265876814405176e-07 -6.329975383936974262e-08 -9.828721499568431714e-07 -2.068908535248852292e-06 -7.428386071897282200e-06 1.102931000155602988e-06 5.029769702282927743e-06 7.346073407802581134e-06 8.737170074156339877e-06 9.355828271981050522e-06 1.079554025699819841e-05 1.841337459252211271e-05 1.102705029203206904e-05 1.083837920212159582e-05 1.075950885651369500e-05 1.019742990549206382e-05 8.518351148798705347e-06 9.099639362013355528e-06 7.459818999815226986e-06 6.434319490907151677e-06 9.303708814364157635e-06 7.514499987670220181e-07 4.778597609496894498e-06 1.030995879764564229e-05 2.713643134482932584e-06
-2.949876041130060185e-05 3.108225904003176054e-06 2.227836855010941191e-04 -1.583445590469123320e-07 -2.260191420006164051e-06 8.639435931106900302e-08 5.477487504537614624e-07 7.643516141998066717e-07 7.524154624965836132e-07 1.024458919904078339e-06 1.217396123733807936e-06 4.783633630567304816e-07 -3.787723829066062751e-06 5.030114837363575133e-08 -8.482040449945150852e-07 -2.361733724962233791e-06 -1.366707228790243137e-05 8.685927542435262161e-07 4.795187039580106130e-06 7.148679440008360863e-06 8.835888974276867537e-06 9.392325803334159956e-06 9.933710718507659444e-06 1.102705029203206904e-05 1.737660576614829996e-05 1.142618109635116547e-05 1.148380797146317569e-05 1.284945545228258135e-05 1.203568826090644045e-05 1.352122546731443851e-05 1.275027853195390973e-05 1.222243421115390904e-05 1.352632364969060048e-05 1.457471617027700220e-05 5.957349579527068025e-06 1.063433494816653188e-05 1.306154843360248442e-05
-4.014085671688695170e-05 2.634830141026526238e-06 1.927539077955713965e-04 -1.510275535299094108e-07 -1.513581163508196013e-06 -1.262966596305322422e-07 3.351659268363814496e-07 7.071922204711514108e-07 6.876905254786967900e-07 1.080931915106582093e-06 1.244042552840692966e-06 9.307331119686214358e-07 5.528833058517745678e-07 -3.569049392410713218e-06 -5.212505016858012876e-07 -1.946290267150616284e-06 -5.574608046562818373e-06 6.954191522424443980e-07 4.588892796124163102e-06 6.819069807820915450e-06 8.717200822660260451e-06 9.234831945611585128e-06 9.944121793383944757e-06 1.083837920212159582e-05 1.142618109635116547e-05 1.588539149836719032e-05 1.193306142182210547e-05 1.543164840275403700e-05 1.461140742460312496e-05 1.715514762271031467e-05 1.756276949198133614e-05 1.681880607439564785e-05 1.857252821000676451e-05 1.784009273541456428e-05 1.858034777139032758e-05 4.956880364792664712e-06 1.547944083598146341e-05
-4.634401767356749311e-05 3.680347685014739449e-06 -1.283859152636194362e-04 -1.285830507653176176e-07 7.344630277052427775e-08 -6.218893297822678221e-07 -3.194008501930448050e-08 3.979978611068894303e-07 5.741883496844037082e-07 8.772231630831157451e-07 1.096556297477019079e-06 1.061756228623402672e-06 8.685606700261994555e-07 9.043065111463396311e-07 -4.090619754998159440e-06 -1.925109500304341212e-06 8.711371197274752666e-06 6.203660200520476377e-07 4.157889046546230270e-06 6.476489239959417476e-06 8.249363594643269881e-06 9.116855353793492891e-06 9.963824407385247868e-06 1.075950885651369500e-05 1.148380797146317569e-05 1.193306142182210547e-05 1.522786372124755251e-05 1.925227743172384245e-05 1.944554383654569990e-05 2.269007384119526153e-05 2.412376588043112967e-05 2.452570900854416969e-05 2.625070231744287109e-05 2.629702333145846166e-05 2.727579245938135507e-05 2.942380410515256609e-05 2.832235498496709166e-05
-2.967316665574503505e-04 8.047452317332703491e-07 -9.219906203811127632e-03 1.464311681623080213e-06 5.957687514135278408e-05 4.053349610965432037e-06 -2.844583400919171961e-06 -1.502393174607565107e-06 -2.888749952457646304e-06 -3.088746491506610773e-06 -3.557364510536500750e-06 -2.906611443311031715e-06 -1.181364964825090551e-06 2.293498588395365019e-06 9.507086820144014280e-06 -2.649752279266928020e-05 -3.211708677086206297e-04 -1.247893468995127985e-05 1.021318229995282583e-06 -3.723384301988283226e-06 9.629859900848283725e-07 4.462376397517474952e-06 8.066442596470385672e-06 1.019742990549206382e-05 1.284945545228258135e-05 1.543164840275403700e-05 1.925227743172384245e-05 3.476468603601391553e-04 1.780594849338344048e-04 1.600058553496015962e-04 1.821405542360519784e-04 2.016030821128261558e-04 2.048047885206050113e-04 2.211795450377488520e-04 2.439679027178025717e-04 2.815385572577413760e-04 2.881202621740306400e-04
-2.985140629637684714e-04 7.767897701961096746e-06 -1.002854985892424021e-02 2.343913055630856316e-06 6.386634529367524562e-05 -3.937073331032314197e-06 -1.043109205249624900e-06 -7.558774179249353781e-06 -4.025908189467182529e-06 -3.225016221527631129e-06 -3.228842450666464098e-06 -2.413195100554813829e-06 -9.218630377799347851e-07 4.027833003070678306e-06 1.103763806815076299e-05 -3.337242519406445130e-05 -1.792918721539577388e-04 -8.244010107568199494e-08 -1.823952456656462029e-05 1.516065524255412474e-06 -2.206066380528972874e-06 9.208844184537124142e-07 5.307117948897348259e-06 8.518351148798705347e-06 1.203568826090644045e-05 1.461140742460312496e-05 1.944554383654569990e-05 1.780594849338344048e-04 3.674713794283437983e-04 2.269501985145512741e-04 1.766609090005044581e-04 1.936600921528105416e-04 2.159685104671073351e-04 2.438663665377980509e-04 2.594354365838500440e-04 2.903337353942598512e-04 2.829134359080392991e-04
-4.818830046686460654e-04 -4.667400029277509577e-06 -7.693863960977463841e-03 3.456580572394037513e-06 6.690841478568139162e-05 -9.279054501330669631e-06 -7.216703812728875808e-06 -3.898263588378317168e-06 -7.715041978226391001e-06 -2.607620992961028916e-06 -1.920546906578886220e-06 -6.327871091345838328e-07 1.166554641748288679e-06 5.883898351932852796e-06 1.384656562250618491e-05 -4.525865862997792134e-05 -3.080579518067572115e-05 6.195487201864195386e-06 -4.304282423204250032e-06 -1.026904306473069700e-05 3.214056122946742420e-06 2.387498222196648989e-07 5.141706315661720325e-06 9.099639362013355528e-06 1.352122546731443851e-05 1.715514762271031467e-05 2.269007384119526153e-05 1.600058553496015962e-04 2.269501985145512741e-04 3.581772032479820802e-04 2.792837192788556766e-04 2.121121476883713842e-04 2.251873900203600674e-04 2.600654016358865204e-04 2.822644158588400462e-04 3.118180230707436680e-04 2.777934560047327006e-04
-5.250603529861746230e-04 -3.112597765435092348e-06 -8.219546991216884063e-03 2.869004550248711918e-06 7.051620489900799866e-05 -1.124836090172674506e-05 -1.285022223726008094e-05 -6.814038032490475490e-06 -4.596543064210609973e-06 -6.170347148147694128e-06 -1.006421683594744394e-06 8.793348066554756421e-07 2.836769238645282933e-06 7.023691132885344036e-06 1.468006944983278997e-05 -4.966632346159546868e-05 7.198336815188720891e-05 3.879300108603936434e-06 6.901837765553359232e-06 -6.455896094479191008e-06 -5.091399709640361752e-06 3.455539873330352061e-06 3.181212494926403677e-06 7.459818999815226986e-06 1.275027853195390973e-05 1.756276949198133614e-05 2.412376588043112967e-05 1.821405542360519784e-04 1.766609090005044581e-04 2.792837192788556766e-04 4.085813855528598040e-04 3.304905230504405944e-04 2.470402960855029237e-04 2.527608567372529582e-04 2.880350788848578636e-04 3.420235360903272964e-04 3.355959353058917110e-04
-5.160218438056702727e-04 2.762733217140746303e-08 -9.896117531640685749e-03 1.909232817789495910e-06 7.536555625967350340e-05 -1.098752053895215906e-05 -1.371583405553626885e-05 -1.355716965733154302e-05 -6.853256585544247096e-06 -2.979107563109327390e-06 -4.589958782353510765e-06 1.059178128950574491e-06 3.184424009705132178e-06 9.036650427102119223e-06 1.688784605471488638e-05 -6.486308104974118356e-05 -2.426334014764053087e-05 1.496500012474702705e-06 5.318310176177825288e-06 5.971157044544686368e-06 -3.385474478949146989e-06 -3.177518626775457055e-06 5.692116691451788507e-06 6.434319490907151677e-06 1.222243421115390904e-05 1.681880607439564785e-05 2.452570900854416969e-05 2.016030821128261558e-04 1.936600921528105416e-04 2.121121476883713842e-04 3.304905230504405944e-04 4.801682980398383612e-04 3.825058813146911454e-04 2.687420688785304660e-04 2.890472858929695214e-04 3.621241365585584787e-04 4.164468798898897936e-04
-5.872297688538891764e-04 -9.338649920827419127e-07 -1.005004014879472968e-02 1.241503012249615329e-06 7.856450367729456272e-05 -1.077081333807692855e-05 -1.425246663724297936e-05 -1.570560313170244152e-05 -1.426061997217493890e-05 -5.420977393514856172e-06 5.919739944154564345e-07 -1.720997015772993787e-06 3.013538808061484204e-06 9.565426304537115931e-06 1.994754875629636863e-05 -9.127631773483079435e-05 -3.739272132332045035e-04 1.764739798052098846e-06 5.119984825997649392e-06 9.104982531622361181e-06 8.463426826527562451e-06 -3.897398892330589074e-07 -7.391500791470376338e-07 9.303708814364157635e-06 1.352632364969060048e-05 1.857252821000676451e-05 2.625070231744287109e-05 2.048047885206050113e-04 2.159685104671073351e-04 2.251873900203600674e-04 2.470402960855029237e-04 3.825058813146911454e-04 5.766895808792177943e-04 4.519147701734152066e-04 3.199104939789875076e-04 3.774832896166408001e-04 3.216829642279184307e-04
-6.216489373139365716e-04 1.619643686644855917e-06 -1.081893112941626975e-02 1.070475691785288666e-06 8.366514660555369868e-05 -1.081016025791195506e-05 -1.502070450337899299e-05 -1.618911193487674265e-05 -1.699074872058778531e-05 -1.390971317863161737e-05 -3.734300252454874098e-06 6.379273823806994201e-06 9.817019546080785506e-07 1.118445152424822061e-05 2.359898177045287153e-05 -1.023417642052937607e-04 -6.212860092318977720e-04 1.261311749810984126e-06 4.794247423981034785e-06 6.310148138288734761e-06 1.029108614360620354e-05 9.446110531503421591e-06 2.245666251313005803e-06 7.514499987670220181e-07 1.457471617027700220e-05 1.784009273541456428e-05 2.629702333145846166e-05 2.211795450377488520e-04 2.438663665377980509e-04 2.600654016358865204e-04 2.527608567372529582e-04 2.687420688785304660e-04 4.519147701734152066e-04 7.600479026576288958e-04 5.594527627748647515e-04 4.065272566448660638e-04 3.911271591547158390e-04
-6.406091375753187505e-04 1.512234872197348995e-05 -1.287691755157350203e-02 -6.943162234602722473e-07 8.914914994530028609e-05 -1.082808294691024564e-05 -1.512653956816657358e-05 -1.550547520515356938e-05 -1.586295087908826232e-05 -1.654291374299449177e-05 -1.416651019315512629e-05 2.647062173702629641e-07 1.365840215653528517e-05 1.142921869031950212e-05 2.454791827659952893e-05 -1.172466789986393866e-04 -9.718657302982134294e-04 3.838810820009635276e-06 3.087257807248967981e-06 2.532392955928136834e-06 5.547586255932653421e-06 1.100051149343243239e-05 1.286816127362688010e-05 4.778597609496894498e-06 5.957349579527068025e-06 1.858034777139032758e-05 2.727579245938135507e-05 2.439679027178025717e-04 2.594354365838500440e-04 2.822644158588400462e-04 2.880350788848578636e-04 2.890472858929695214e-04 3.199104939789875076e-04 5.594527627748647515e-04 1.203587612795559408e-03 7.612536513430059361e-04 2.725745687186757055e-04
-9.261210949820222662e-04 -9.924462282737831544e-06 -1.361201549604602358e-02 -5.655982970838681614e-06 1.041984624809537554e-04 -1.066457957606530365e-05 -1.601706133895337928e-05 -1.686507847046873844e-05 -1.730256378089502377e-05 -1.910341673994684538e-05 -1.854689480371280293e-05 -1.048637131790170142e-05 1.598834592448374944e-06 4.111284343411665873e-05 1.759035439562882966e-05 -1.583911131639875074e-04 -1.394073386998079212e-03 6.730416187213251904e-06 -9.250137638608075966e-07 -2.060989813441826829e-06 7.373134801610502920e-07 8.317193717306147925e-06 1.223154049163168937e-05 1.030995879764564229e-05 1.063433494816653188e-05 4.956880364792664712e-06 2.942380410515256609e-05 2.815385572577413760e-04 2.903337353942598512e-04 3.118180230707436680e-04 3.420235360903272964e-04 3.621241365585584787e-04 3.774832896166408001e-04 4.065272566448660638e-04 7.612536513430059361e-04 2.556508433737181025e-03 1.067626348451275334e-03
-1.580639285809889646e-03 -1.174438247384734042e-04 -4.734741398458365037e-03 -2.059303925037404625e-05 9.119423029244591486e-05 -1.054256516231033267e-05 -9.914638531076958050e-06 -1.626027193102262162e-05 -3.454357437496451930e-06 -6.307684212443581505e-06 -5.970064915615640188e-06 5.464511527538315631e-06 3.119868870996644722e-06 1.814569940129246228e-05 3.936628479030399887e-05 7.891366410868024743e-05 1.459170027603992744e-03 -8.153945500164052774e-06 -8.204136268518060382e-06 1.340460596159174683e-05 -8.154983017704690301e-06 3.444865310433919298e-06 9.562697094352422232e-06 2.713643134482932584e-06 1.306154843360248442e-05 1.547944083598146341e-05 2.832235498496709166e-05 2.881202621740306400e-04 2.829134359080392991e-04 2.777934560047327006e-04 3.355959353058917110e-04 4.164468798898897936e-04 3.216829642279184307e-04 3.911271591547158390e-04 2.725745687186757055e-04 1.067626348451275334e-03 2.305412525218713052e-02
