# As_1e9 ns H0 omegab omegam LSST_DZ_S1 LSST_DZ_S2 LSST_DZ_S3 LSST_DZ_S4 LSST_DZ_S5 LSST_DZ_S6 LSST_DZ_S7 LSST_DZ_S8 LSST_DZ_S9 LSST_DZ_S10 LSST_A1_1 LSST_A1_2 LSST_M1 LSST_M2 LSST_M3 LSST_M4 LSST_M5 LSST_M6 LSST_M7 LSST_M8 LSST_M9 LSST_M10 LSST_B1_1 LSST_B1_2 LSST_B1_3 LSST_B1_4 LSST_B1_5 LSST_B1_6 LSST_B1_7 LSST_B1_8 LSST_B1_9 LSST_B1_10
1.175145401576362797e-02 1.299214452296027379e-03 -1.673889534137470436e-01 -3.812251770535575620e-05 -1.582032331433355188e-04 1.553674852246053465e-05 2.447999782082733474e-05 2.529230882908799552e-05 1.846500103124040771e-05 1.663949351496641596e-05 1.228280335834371926e-05 5.036436107609316723e-07 -6.705225537697443937e-06 -1.204255713530544236e-05 -2.545846782825772676e-05 1.111141439728774910e-04 -8.290999221625870936e-04 3.929339247165406450e-06 -2.000032654796773135e-05 -2.585287714514204472e-05 -1.544074399743476048e-05 -2.232817258630262732e-05 -2.586512813716224134e-05 -2.617913735255365183e-05 -3.249320187401122980e-05 -4.682569308211172166e-05 -6.321072024424121425e-05 -5.114836658379986372e-04 -5.574530209290963099e-04 -6.481108720262597142e-04 -7.251533534584542109e-04 -8.481923010660520797e-04 -9.120460297052398026e-04 -1.041825430560558039e-03 -1.238818943651894293e-03 -1.518366861136457441e-03 -3.061082404856021663e-03
1.299214452296027379e-03 2.166890744026076898e-04 -2.194890604595058775e-02 1.084107737292055830e-06 -4.185718829832540230e-06 -2.292405819857425934e-06 -8.897739461797790107e-07 -4.324478058016242682e-07 -1.445691917765313315e-06 -6.870318106006487775e-07 -2.680909233580995635e-07 -1.558058056181024552e-06 -1.336021374461518424e-06 -1.234388879784920221e-06 3.416111345212750712e-07 4.321261105379643503e-05 -1.392536518300589802e-05 5.875589478353444686e-08 -3.032182125184992647e-06 -2.038417768376596263e-06 9.678759721443748155e-07 1.258214682059077827e-07 6.049043678413532564e-07 2.173925952121683660e-06 2.597798358203668762e-06 2.622505919364875392e-06 2.728323548800065891e-06 -4.412251290675633502e-06 -1.493269348109216158e-06 2.002377297239797783e-06 -3.288457135804095560e-06 -9.383062133927304316e-06 -2.707572174449664053e-07 -1.040894817314664399e-05 -2.405059521491481969e-05 -3.357809936998183670e-05 -2.493476677219934974e-04
-1.673889534137470991e-01 -2.194890604595059469e-02 4.872142866234606018e+00 2.158994397213175997e-03 -5.885340555084884497e-03 5.073723493721699410e-04 6.120744110529482930e-04 7.216934897488677930e-04 8.875646251102480445e-04 7.703135732231267433e-04 8.469989891754105922e-04 6.150650395358768854e-04 4.856957849862812357e-04 4.906488532728908974e-05 -6.021933518799559449e-04 4.033606471243343303e-03 2.638698781200588331e-02 -1.722439198765520841e-04 8.152788078282972124e-04 1.076439758655082981e-03 8.629631150247647894e-04 9.383684988934263248e-04 6.846104515523239540e-04 6.751574577505335640e-04 4.162844728001854509e-04 2.747357686883668835e-04 -1.049779913651299019e-04 -1.277176806025842083e-02 -1.308053292115024871e-02 -1.364964786442886269e-02 -1.340408501802471848e-02 -1.340461151818564574e-02 -1.404050032156007634e-02 -1.428817148233073493e-02 -1.368401019004748462e-02 -1.558379305500046455e-02 -4.408130201456870838e-03
-3.812251770535575620e-05 1.084107737292055830e-06 2.158994397213174696e-03 5.045638992407329262e-06 8.664887877859718963e-07 -1.700498878243372332e-07 -2.466688865062808108e-07 -1.714830830824719562e-07 -1.505673761783198526e-07 -1.094351785936575175e-07 6.268215186793849816e-08 -2.594634679602001476e-07 -2.216304628971532516e-07 -2.744325067555039842e-07 -1.721190287639874845e-07 6.033197064533471981e-07 5.516066604029226862e-06 -2.062170339554737979e-07 2.111338291005580623e-07 -9.694596655758055291e-09 -5.906873475693221861e-08 -1.779238129763344906e-07 -2.549288833254760016e-07 5.770597274226010521e-08 9.120181813590010008e-09 3.505292000987825433e-08 3.131429139336192631e-09 2.929101187760665876e-06 1.746174179057774149e-06 2.182542953690271421e-06 2.813093228031909222e-06 2.622555161318349679e-06 2.503533564300212653e-06 1.387990186594297443e-07 1.449004879985787567e-06 -2.629744472356628781e-06 -2.976720125202030940e-05
-1.582032331433355188e-04 -4.185718829832540230e-06 -5.885340555084884497e-03 8.664887877859718963e-07 3.926224987122998056e-05 -3.054203120881563312e-06 -4.612480396365554777e-06 -5.219101368716236258e-06 -5.545683249852546092e-06 -5.028967046866901525e-06 -4.896662292770234234e-06 -3.494161596823340127e-06 -2.536632559988465892e-06 -2.135874238896550012e-07 3.737677127630007809e-06 -2.889988514427223169e-05 -4.886977271565082654e-05 2.317594901727811769e-07 -2.307907338234201331e-06 -4.401212025814250438e-06 -4.885491367373043246e-06 -5.231927892367665452e-06 -4.387474836824548152e-06 -4.257321636603851496e-06 -2.965584320009778900e-06 -1.606278024751903828e-06 9.243148253267830636e-07 9.222262993990613185e-05 9.279219040060102217e-05 1.009377171624467102e-04 1.062627835272152838e-04 1.139550126618566188e-04 1.185242186016698389e-04 1.240980276986757404e-04 1.378380503144342772e-04 1.567479765295973335e-04 1.803353090342692581e-04
1.553674852246053465e-05 -2.292405819857425934e-06 5.073723493721701578e-04 -1.700498878243372332e-07 -3.054203120881563312e-06 5.298656760318621224e-06 2.507759553834670578e-06 1.868007555888630452e-06 1.485116510728400841e-06 1.082658507242813607e-06 9.879835612937201990e-07 6.799248140459854805e-07 3.482688518192567736e-07 1.290304844690050745e-07 2.146029448425808574e-08 7.091543681399159350e-06 -1.107287512032853683e-04 -2.577408741641064956e-06 1.463326810611020647e-06 1.357082280959527802e-06 9.610653449074859673e-07 8.509655501872754446e-07 2.744244758425088106e-07 8.281338343782253068e-08 -1.260466788771369088e-07 -4.520843987022140050e-07 -1.008431946271946283e-06 5.994517870639331762e-06 -6.273275351448057334e-06 -1.401398307300469246e-05 -1.357845229472484553e-05 -1.300168583427279758e-05 -1.291425398964035863e-05 -1.299840191018529129e-05 -1.475226869328522905e-05 -1.620531508053297192e-05 -1.337929039978476540e-05
2.447999782082733474e-05 -8.897739461797790107e-07 6.120744110529481846e-04 -2.466688865062808108e-07 -4.612480396365554777e-06 2.507759553834670578e-06 4.734617498548538646e-06 2.452096896758958419e-06 1.752323720709424615e-06 1.632691145728425268e-06 1.436747991016677300e-06 1.190701207892709330e-06 9.112901334033662568e-07 4.105482067748087085e-07 -1.800589668949181867e-09 7.554654546442498410e-06 -4.338116413205673821e-05 9.694524151678991498e-07 -4.939079881143043574e-06 3.652284411844475700e-07 1.382302600924397117e-06 1.155185552266228882e-06 8.976748747433469188e-07 7.455178890124166429e-07 5.350761515697506354e-07 3.278783021733842329e-07 -1.953094476617283954e-07 -4.737855090420536107e-06 -4.915860367574139137e-08 -8.149435661285092588e-06 -1.649256158591354892e-05 -1.747910943819097523e-05 -1.709800270127438614e-05 -1.770703114861304852e-05 -1.977239237568983440e-05 -2.343703685208974535e-05 -2.382187401330143468e-05
2.529230882908798875e-05 -4.324478058016243741e-07 7.216934897488677930e-04 -1.714830830824720621e-07 -5.219101368716236258e-06 1.868007555888630028e-06 2.452096896758957148e-06 4.933055541124223120e-06 2.596839975889909881e-06 1.707931526020198769e-06 1.751781581778889674e-06 1.343111701886278621e-06 9.551055658703838852e-07 8.052485162455412502e-07 5.972349356543888194e-08 8.821095289874876912e-06 1.204452937739928942e-07 5.067097314369932900e-07 2.508062572751747815e-07 -4.809205673668902960e-06 3.301014744507731183e-07 1.585055681637201429e-06 1.133316966280846207e-06 1.181372361667803143e-06 1.073881888446805378e-06 6.814626478841146556e-07 2.687433716087677232e-07 -2.760118484479896444e-06 -1.031983998841443593e-05 -5.487492381029938141e-06 -9.745962426969571741e-06 -1.785091833736494708e-05 -1.862105140840995910e-05 -1.960785838170575932e-05 -2.150788083304176187e-05 -2.284306856485657624e-05 -3.013716791122576585e-05
1.846500103124040771e-05 -1.445691917765313315e-06 8.875646251102477192e-04 -1.505673761783198526e-07 -5.545683249852546092e-06 1.485116510728400841e-06 1.752323720709424615e-06 2.596839975889910305e-06 5.356801559101795091e-06 3.089263979471448901e-06 2.226797583904889773e-06 1.957354697442603917e-06 1.447985791082587369e-06 9.952359879651749965e-07 -5.888030140979324467e-08 8.893253345567898852e-06 4.319004740778378538e-05 -2.030415456649509298e-08 1.068954897031340036e-06 3.767118544074516915e-07 -3.885391547286273458e-06 2.941213786384432607e-07 1.318784218351696241e-06 1.349685145820660764e-06 1.347960775205011792e-06 1.148397676779001511e-06 7.861286014333024237e-07 -6.249883187086186633e-06 -4.382805295427621230e-06 -9.986098790103329592e-06 -5.720002409618584804e-06 -9.692907250241971712e-06 -2.001374295443977366e-05 -2.170497912973977118e-05 -2.473647969133933194e-05 -2.566088601847271651e-05 -2.845387376332457225e-05
1.663949351496641596e-05 -6.870318106006487775e-07 7.703135732231267433e-04 -1.094351785936575175e-07 -5.028967046866901525e-06 1.082658507242813607e-06 1.632691145728425268e-06 1.707931526020198769e-06 3.089263979471448901e-06 5.910570192698606597e-06 3.240662477965187579e-06 2.033600252549892055e-06 1.761665181024086243e-06 1.073580883095744775e-06 1.445186367621785118e-07 8.936707581159252143e-06 6.118917562623505811e-05 -5.679963294357752523e-08 4.837007374203116684e-07 1.535405327740372122e-06 -3.019192265440253774e-07 -3.609425857594624118e-06 3.308936152664408885e-07 1.503828673305160180e-06 1.440270615098212438e-06 1.425650398727730288e-06 1.100981564265132283e-06 -7.309603286976630393e-06 -3.278055051590339302e-06 -4.276153442879835268e-06 -9.203021697041737607e-06 -3.255622881240377045e-06 -6.192809750929555374e-06 -1.772230089374826921e-05 -2.515839605191839181e-05 -2.671191217545608215e-05 -3.003895210685615422e-05
1.228280335834371926e-05 -2.680909233580995635e-07 8.469989891754105922e-04 6.268215186793849816e-08 -4.896662292770234234e-06 9.879835612937201990e-07 1.436747991016677300e-06 1.751781581778889462e-06 2.226797583904889773e-06 3.240662477965187579e-06 7.047238501950343711e-06 3.449487472011669621e-06 2.400777211721443772e-06 1.760176570055591224e-06 5.268719195686852999e-07 8.376800590077195847e-06 6.528465002039167289e-05 -4.118340541550235906e-07 5.749138080610242775e-07 1.191133765277142297e-06 9.698368459213344105e-07 5.261925062502212753e-08 -3.789087092597017240e-06 4.835850734377716929e-07 1.252086493910690300e-06 1.362638106375148182e-06 1.173569308691297176e-06 -7.216656756542369723e-06 -4.715049310215151560e-06 -3.717292208574322721e-06 -4.363863602625443780e-06 -9.215822616463708835e-06 -2.699381561154339230e-08 -3.465529431867972274e-06 -2.118580601800532795e-05 -2.636955755551891292e-05 -2.374266680057979614e-05
5.036436107609316723e-07 -1.558058056181024552e-06 6.150650395358768854e-04 -2.594634679602001476e-07 -3.494161596823340127e-06 6.799248140459854805e-07 1.190701207892709330e-06 1.343111701886277986e-06 1.957354697442603917e-06 2.033600252549892055e-06 3.449487472011669621e-06 8.632712214419228792e-06 3.312482977395564835e-06 2.241922094359488379e-06 1.413505956937288441e-06 4.553460050178809748e-06 4.985744049107997957e-05 -2.753877843967963309e-07 7.418333592181692454e-08 1.001510833185043112e-06 5.635778655752342151e-07 9.927123915190357350e-07 -3.516079414026661277e-07 -4.339969091405496439e-06 5.238671898159807847e-07 1.181328334780746792e-06 1.035656890350744901e-06 -6.255205580242648861e-06 -2.123412766576932148e-06 -1.568633239800282110e-06 -4.291366095189504823e-07 3.687763943879561704e-07 -3.565183890155713013e-06 7.906421059951970659e-06 -3.697484128379336279e-06 -1.497584692003840764e-05 -3.166900085026682878e-05
-6.705225537697443937e-06 -1.336021374461516519e-06 4.856957849862812357e-04 -2.216304628971533575e-07 -2.536632559988465892e-06 3.482688518192565619e-07 9.112901334033662568e-07 9.551055658703838852e-07 1.447985791082586522e-06 1.761665181024086243e-06 2.400777211721443772e-06 3.312482977395565682e-06 1.103018543107337175e-05 3.283014288632318888e-06 1.903458910128446501e-06 1.477486907052332111e-06 5.661243698625266355e-05 -4.123889696271511031e-07 -9.643901527609747876e-08 1.201975012013158318e-06 1.028128934118659661e-06 1.172583387221890855e-06 8.437639647611215843e-07 4.359311071072449115e-07 -4.251392743226726267e-06 1.182015807385081006e-06 1.493671167118317908e-06 -3.749098349315608785e-06 -1.264717786439520183e-06 -6.485193216955873854e-07 2.196792681509919661e-06 3.560842555604872327e-06 5.261637450387226041e-06 3.523756777575785315e-06 1.519779694920398866e-05 -2.315197728838572884e-06 -2.253937930073850560e-06
-1.204255713530544236e-05 -1.234388879784920221e-06 4.906488532728902198e-05 -2.744325067555039842e-07 -2.135874238896550012e-07 1.290304844690050745e-07 4.105482067748087085e-07 8.052485162455411443e-07 9.952359879651749965e-07 1.073580883095744775e-06 1.760176570055591224e-06 2.241922094359488379e-06 3.283014288632318888e-06 1.429045702704067525e-05 3.132186842387232729e-06 -6.018713106388010094e-06 -1.863465353044702191e-05 -1.648480493681138623e-07 -2.833721580117165521e-07 -1.725107925079812378e-07 1.430171541487521068e-07 5.539643941726632423e-07 1.779104859956295737e-07 1.804469082213903893e-07 -2.119444306072185638e-08 -4.277179683957556761e-06 8.066602835637230506e-07 9.339532216231081472e-07 2.328990795614032207e-06 5.407566900883445523e-06 6.460261569888459251e-06 6.839352605180848339e-06 9.986279676872741211e-06 1.377910711341083448e-05 1.578923169745518836e-05 4.763373451415010758e-05 1.148290135358551060e-05
-2.545846782825772676e-05 3.416111345212750712e-07 -6.021933518799559449e-04 -1.721190287639874845e-07 3.737677127630007809e-06 2.146029448425808574e-08 -1.800589668949181867e-09 5.972349356543888194e-08 -5.888030140979324467e-08 1.445186367621785118e-07 5.268719195686852999e-07 1.413505956937288441e-06 1.903458910128446501e-06 3.132186842387232729e-06 2.105811430308615165e-05 -1.408132870695717425e-05 -1.381419513376777608e-04 4.556192553467087935e-07 -7.325586014912316198e-07 -1.101905746759969685e-06 -6.124178481355362859e-07 -3.820140428889346767e-07 -4.185174507052547520e-07 -7.130353124391172047e-07 -3.991689903601647446e-07 -2.193303837080861181e-07 -3.902268184283218693e-06 1.020176738984558671e-05 1.245572769004713261e-05 1.500365770109231876e-05 1.463389977382125319e-05 1.587581432624592689e-05 2.131031846246438091e-05 2.896153888120240650e-05 3.445961309654205072e-05 2.088061844963605307e-05 1.922745784977262875e-05
1.111141439728774910e-04 4.321261105379643503e-05 4.033606471243345037e-03 6.033197064533471981e-07 -2.889988514427223169e-05 7.091543681399159350e-06 7.554654546442498410e-06 8.821095289874871829e-06 8.893253345567898852e-06 8.936707581159252143e-06 8.376800590077195847e-06 4.553460050178809748e-06 1.477486907052333382e-06 -6.018713106388010094e-06 -1.408132870695717425e-05 3.656158535664787439e-04 1.464176840730535296e-03 4.540568443735896477e-06 4.720380888962362272e-06 2.739946772164622929e-07 -2.115239499823964339e-06 -4.150701890967820478e-06 -5.733916675081388740e-06 -3.900431551618686161e-06 -4.029382609750944505e-06 -3.025614327906629628e-06 -3.257918345883123034e-06 -2.124912936072414135e-05 -3.128797809033455519e-05 -4.540543741757893382e-05 -6.645092574400298280e-05 -8.374949447846376379e-05 -9.235165247552010290e-05 -1.100489862792499080e-04 -1.396511475064156598e-04 -1.858270284580539012e-04 1.229502664196256019e-05
-8.290999221625870936e-04 -1.392536518300589802e-05 2.638698781200589025e-02 5.516066604029226862e-06 -4.886977271565082654e-05 -1.107287512032853683e-04 -4.338116413205673821e-05 1.204452937739726183e-07 4.319004740778378538e-05 6.118917562623505811e-05 6.528465002039167289e-05 4.985744049107997957e-05 5.661243698625266355e-05 -1.863465353044702191e-05 -1.381419513376777608e-04 1.464176840730535296e-03 3.803798434015431829e-02 -1.978335527007771960e-04 -2.090116172550069288e-05 3.916116762617941646e-05 8.487068188831236451e-06 1.725717691325252352e-06 -3.295340266619399809e-06 3.030704587964206684e-06 -1.473318104039826522e-05 4.658190659177470163e-06 2.040020495815344714e-05 -4.374119172852054382e-04 -1.224157819517014819e-04 1.094578368394124283e-04 7.064795841399004685e-05 -4.108224628673033283e-05 -3.698161057074682485e-04 -5.825026525124549171e-04 -1.160942637803775816e-03 -1.752251167892569664e-03 1.200670617495825775e-03
3.929339247165398827e-06 5.875589478353494316e-08 -1.722439198765520841e-04 -2.062170339554737714e-07 2.317594901727811769e-07 -2.577408741641064956e-06 9.694524151678993615e-07 5.067097314369932900e-07 -2.030415456649531797e-08 -5.679963294357752523e-08 -4.118340541550236964e-07 -2.753877843967962251e-07 -4.123889696271511031e-07 -1.648480493681137564e-07 4.556192553467087935e-07 4.540568443735898172e-06 -1.978335527007772502e-04 8.688547867638492597e-05 2.790009356634605581e-06 1.873198881124828498e-06 1.839857894025025055e-06 1.257443588080408369e-06 1.220940569199310160e-06 8.775793700924201802e-07 5.535235553105431112e-07 2.846804061116991041e-07 3.971079031326601332e-08 -1.502899365746783979e-05 1.111304136553611655e-06 7.214560832074774942e-06 3.119974931163854287e-06 4.563643399009789487e-07 1.597918537244833171e-06 1.227300151045961599e-06 5.073105830573514941e-06 6.344538761432668121e-06 -8.945957861478805610e-06
-2.000032654796773135e-05 -3.032182125184992647e-06 8.152788078282972124e-04 2.111338291005580623e-07 -2.307907338234201331e-06 1.463326810611020647e-06 -4.939079881143043574e-06 2.508062572751746227e-07 1.068954897031340036e-06 4.837007374203116684e-07 5.749138080610242775e-07 7.418333592181692454e-08 -9.643901527609782287e-08 -2.833721580117165521e-07 -7.325586014912316198e-07 4.720380888962362272e-06 -2.090116172550069288e-05 2.790009356634604734e-06 6.097666313612721444e-05 6.799762156334716122e-06 4.462518438712216872e-06 5.010554888534700328e-06 4.500444608427034377e-06 4.451340421973174827e-06 4.168279668741240980e-06 3.762442758257940232e-06 3.338645663173159626e-06 -8.803189794275771359e-07 -2.543159325588704038e-05 -1.314467855062594721e-05 4.907575034579121608e-06 4.020590951408729807e-06 7.781928229651781897e-07 -4.073295111031135640e-07 -2.562312007782160018e-06 -3.474036076385212484e-06 -2.417672661060362096e-06
-2.585287714514204472e-05 -2.038417768376596263e-06 1.076439758655082981e-03 -9.694596655758055291e-09 -4.401212025814250438e-06 1.357082280959527802e-06 3.652284411844475700e-07 -4.809205673668902960e-06 3.767118544074516915e-07 1.535405327740372122e-06 1.191133765277142297e-06 1.001510833185043112e-06 1.201975012013158318e-06 -1.725107925079812378e-07 -1.101905746759969685e-06 2.739946772164622929e-07 3.916116762617941646e-05 1.873198881124828498e-06 6.799762156334716122e-06 4.325126548696624939e-05 8.250063089495976166e-06 6.675264101874418760e-06 7.097728814419402807e-06 7.151808924079867209e-06 6.683605446502911739e-06 6.975363286631586062e-06 6.431158897051236831e-06 -9.470776333504513615e-06 1.588879109316702728e-06 -1.734939547195477771e-05 -1.053307323231940966e-05 4.087052747588058571e-06 3.034285981261045152e-06 2.404492500453088004e-06 -3.726415563604558157e-06 -9.503999149591274909e-06 4.006075800636531655e-06
-1.544074399743476048e-05 9.678759721443748155e-07 8.629631150247648978e-04 -5.906873475693221861e-08 -4.885491367373043246e-06 9.610653449074859673e-07 1.382302600924397117e-06 3.301014744507732771e-07 -3.885391547286273458e-06 -3.019192265440253774e-07 9.698368459213344105e-07 5.635778655752342151e-07 1.028128934118660084e-06 1.430171541487521068e-07 -6.124178481355362859e-07 -2.115239499823964339e-06 8.487068188831236451e-06 1.839857894025025055e-06 4.462518438712216872e-06 8.250063089495976166e-06 3.194245272552108015e-05 1.006616854257412305e-05 8.411080770886528553e-06 8.711626839237590416e-06 8.296889322500247644e-06 8.352899906667576711e-06 7.980134154642203504e-06 -3.092424255643108312e-06 -6.124102222337411511e-06 -2.365306528903448307e-06 -1.314408278364733475e-05 -9.549063694679860398e-06 6.816295828063443586e-06 8.494378183803216455e-06 2.733683881578946226e-06 -3.711238648107153212e-06 -5.126546486562380142e-06
-2.232817258630262732e-05 1.258214682059077827e-07 9.383684988934262164e-04 -1.779238129763344906e-07 -5.231927892367665452e-06 8.509655501872754446e-07 1.155185552266228882e-06 1.585055681637201853e-06 2.941213786384432607e-07 -3.609425857594624118e-06 5.261925062502212753e-08 9.927123915190357350e-07 1.172583387221891067e-06 5.539643941726632423e-07 -3.820140428889346767e-07 -4.150701890967820478e-06 1.725717691325252352e-06 1.257443588080407734e-06 5.010554888534700328e-06 6.675264101874418760e-06 1.006616854257412305e-05 2.723544616026970535e-05 1.071369712956218898e-05 9.706757867325978636e-06 9.590736233808369246e-06 9.697376283860534806e-06 9.375647908193764931e-06 1.828514694266752579e-06 -1.430259223272745123e-06 -3.468391308298585815e-06 -1.117841550664547905e-08 -1.101375463759545060e-05 -7.894242298540144934e-06 7.325134529528825293e-06 8.339613919723850579e-06 3.184046129087212491e-06 5.970103620184274373e-06
-2.586512813716223118e-05 6.049043678413545270e-07 6.846104515523239540e-04 -2.549288833254762134e-07 -4.387474836824548152e-06 2.744244758425087047e-07 8.976748747433464953e-07 1.133316966280846207e-06 1.318784218351695606e-06 3.308936152664408885e-07 -3.789087092597015546e-06 -3.516079414026662865e-07 8.437639647611215843e-07 1.779104859956298913e-07 -4.185174507052547520e-07 -5.733916675081389587e-06 -3.295340266619406162e-06 1.220940569199310160e-06 4.500444608427034377e-06 7.097728814419402807e-06 8.411080770886528553e-06 1.071369712956219067e-05 2.390115754741588578e-05 1.163687381603038415e-05 1.074308493646556074e-05 1.093035480637362301e-05 1.073104714908131186e-05 4.842729085284974676e-06 6.094195727422337709e-06 3.254563146718183220e-06 1.625971125911823502e-06 4.733894569022594390e-06 -5.975831470957129067e-06 -1.979844029252183337e-06 1.034511820843277480e-05 1.175185147885204277e-05 7.826857618918450288e-06
-2.617913735255365183e-05 2.173925952121683660e-06 6.751574577505333472e-04 5.770597274226010521e-08 -4.257321636603851496e-06 8.281338343782253068e-08 7.455178890124166429e-07 1.181372361667803143e-06 1.349685145820660764e-06 1.503828673305160180e-06 4.835850734377716929e-07 -4.339969091405496439e-06 4.359311071072448056e-07 1.804469082213903893e-07 -7.130353124391172047e-07 -3.900431551618686161e-06 3.030704587964206684e-06 8.775793700924201802e-07 4.451340421973174827e-06 7.151808924079867209e-06 8.711626839237590416e-06 9.706757867325978636e-06 1.163687381603038415e-05 2.220601462032078976e-05 1.195489586421432551e-05 1.189060354459868232e-05 1.188562987850557738e-05 8.072789956611039840e-06 9.812207258014712659e-06 8.592625719991772585e-06 5.704209066512223709e-06 3.471140391717573472e-06 7.683619975680191748e-06 -1.625212525274810873e-06 1.889302748359963459e-06 9.083922262984082073e-06 2.335616997649836584e-05
-3.249320187401122980e-05 2.597798358203668762e-06 4.162844728001854509e-04 9.120181813590010008e-09 -2.965584320009778900e-06 -1.260466788771369088e-07 5.350761515697506354e-07 1.073881888446805378e-06 1.347960775205011792e-06 1.440270615098212438e-06 1.252086493910690300e-06 5.238671898159807847e-07 -4.251392743226726267e-06 -2.119444306072185638e-08 -3.991689903601647446e-07 -4.029382609750944505e-06 -1.473318104039826522e-05 5.535235553105431112e-07 4.168279668741240980e-06 6.683605446502911739e-06 8.296889322500247644e-06 9.590736233808369246e-06 1.074308493646556074e-05 1.195489586421432551e-05 2.013943837842940751e-05 1.252743439209557236e-05 1.248364965161162726e-05 1.162727988231272215e-05 1.554386937552095483e-05 1.570814849128135664e-05 1.259642185359570025e-05 1.114105043280966748e-05 1.186581683027062388e-05 1.432592448646041706e-05 2.438784303735355646e-06 1.222220727545280420e-05 1.004750789466498014e-05
-4.682569308211172166e-05 2.622505919364875392e-06 2.747357686883668835e-04 3.505292000987825433e-08 -1.606278024751903828e-06 -4.520843987022140050e-07 3.278783021733842329e-07 6.814626478841145497e-07 1.148397676779001511e-06 1.425650398727730288e-06 1.362638106375148182e-06 1.181328334780746792e-06 1.182015807385081430e-06 -4.277179683957556761e-06 -2.193303837080861181e-07 -3.025614327906629628e-06 4.658190659177471010e-06 2.846804061116991041e-07 3.762442758257940232e-06 6.975363286631586062e-06 8.352899906667576711e-06 9.697376283860534806e-06 1.093035480637362301e-05 1.189060354459868232e-05 1.252743439209557236e-05 1.873894049293058024e-05 1.351296240445714838e-05 1.572868413900365667e-05 2.100130120732777447e-05 2.093544717822623673e-05 2.012529811022674178e-05 2.013925935749744496e-05 2.136625482989109077e-05 2.201422686013154389e-05 1.913948356195569654e-05 6.203030780948482933e-06 1.832505582637955859e-05
-6.321072024424121425e-05 2.728323548800065891e-06 -1.049779913651300781e-04 3.131429139336192631e-09 9.243148253267830636e-07 -1.008431946271946283e-06 -1.953094476617283954e-07 2.687433716087677232e-07 7.861286014333024237e-07 1.100981564265132283e-06 1.173569308691297176e-06 1.035656890350744901e-06 1.493671167118317485e-06 8.066602835637230506e-07 -3.902268184283218693e-06 -3.257918345883123034e-06 2.040020495815344714e-05 3.971079031326586774e-08 3.338645663173159626e-06 6.431158897051236831e-06 7.980134154642203504e-06 9.375647908193764931e-06 1.073104714908131355e-05 1.188562987850557738e-05 1.248364965161162726e-05 1.351296240445714838e-05 1.764548328347264979e-05 2.166509260697061502e-05 2.758853067521015967e-05 2.952569700747568852e-05 2.990201880767118583e-05 3.088272321936894087e-05 3.307034761883973970e-05 3.423965947319662769e-05 3.228970121761102401e-05 3.891367275653834923e-05 4.605317869409766016e-05
-5.114836658379986372e-04 -4.412251290675633502e-06 -1.277176806025842257e-02 2.929101187760665876e-06 9.222262993990613185e-05 5.994517870639331762e-06 -4.737855090420536107e-06 -2.760118484479896444e-06 -6.249883187086186633e-06 -7.309603286976630393e-06 -7.216656756542369723e-06 -6.255205580242648861e-06 -3.749098349315610902e-06 9.339532216231081472e-07 1.020176738984558671e-05 -2.124912936072414135e-05 -4.374119172852054382e-04 -1.502899365746783979e-05 -8.803189794275771359e-07 -9.470776333504513615e-06 -3.092424255643108312e-06 1.828514694266752579e-06 4.842729085284974676e-06 8.072789956611039840e-06 1.162727988231272215e-05 1.572868413900365667e-05 2.166509260697061502e-05 5.163998221082136044e-04 2.459444059318898835e-04 2.244013938701673247e-04 2.713387138389046905e-04 3.106812570957754303e-04 3.323194298301303381e-04 3.425070988049281934e-04 3.664530529629643463e-04 4.449350802848518272e-04 4.590811917015742835e-04
-5.574530209290963099e-04 -1.493269348109216158e-06 -1.308053292115024871e-02 1.746174179057774149e-06 9.279219040060102217e-05 -6.273275351448057334e-06 -4.915860367574139137e-08 -1.031983998841443762e-05 -4.382805295427621230e-06 -3.278055051590339302e-06 -4.715049310215151560e-06 -2.123412766576932148e-06 -1.264717786439518489e-06 2.328990795614032207e-06 1.245572769004713261e-05 -3.128797809033455519e-05 -1.224157819517014819e-04 1.111304136553611020e-06 -2.543159325588704038e-05 1.588879109316702728e-06 -6.124102222337411511e-06 -1.430259223272745123e-06 6.094195727422337709e-06 9.812207258014712659e-06 1.554386937552095483e-05 2.100130120732777447e-05 2.758853067521015967e-05 2.459444059318898835e-04 5.628062360605107705e-04 3.754815849495147075e-04 2.554107130254043134e-04 2.920720534907283311e-04 3.345961559185415797e-04 3.653467652314315063e-04 3.965390442447337509e-04 4.297120741580924357e-04 5.914200897858282397e-04
-6.481108720262597142e-04 2.002377297239797783e-06 -1.364964786442886789e-02 2.182542953690271421e-06 1.009377171624467102e-04 -1.401398307300469246e-05 -8.149435661285092588e-06 -5.487492381029939835e-06 -9.986098790103329592e-06 -4.276153442879835268e-06 -3.717292208574322721e-06 -1.568633239800282110e-06 -6.485193216955866442e-07 5.407566900883445523e-06 1.500365770109231876e-05 -4.540543741757893382e-05 1.094578368394124283e-04 7.214560832074773248e-06 -1.314467855062594721e-05 -1.734939547195477771e-05 -2.365306528903448307e-06 -3.468391308298585815e-06 3.254563146718185761e-06 8.592625719991772585e-06 1.570814849128135664e-05 2.093544717822623673e-05 2.952569700747568852e-05 2.244013938701673247e-04 3.754815849495147075e-04 6.086137193392318796e-04 4.079415507119409914e-04 3.126120138952505996e-04 3.402881871640966180e-04 3.809746419508835253e-04 4.174130342316880642e-04 4.844121368634855883e-04 6.149811724665808516e-04
-7.251533534584542109e-04 -3.288457135804095560e-06 -1.340408501802471501e-02 2.813093228031909222e-06 1.062627835272152838e-04 -1.357845229472484553e-05 -1.649256158591354892e-05 -9.745962426969568353e-06 -5.720002409618584804e-06 -9.203021697041737607e-06 -4.363863602625443780e-06 -4.291366095189504823e-07 2.196792681509917967e-06 6.460261569888459251e-06 1.463389977382125319e-05 -6.645092574400298280e-05 7.064795841399004685e-05 3.119974931163855134e-06 4.907575034579121608e-06 -1.053307323231940966e-05 -1.314408278364733475e-05 -1.117841550664547905e-08 1.625971125911823078e-06 5.704209066512223709e-06 1.259642185359570025e-05 2.012529811022674178e-05 2.990201880767118583e-05 2.713387138389046905e-04 2.554107130254043134e-04 4.079415507119409914e-04 5.920223828245879932e-04 4.739933765404718983e-04 3.575725800366173811e-04 3.663393048531689441e-04 4.266314944166001242e-04 5.224674010386223246e-04 5.884201276540254599e-04
-8.481923010660520797e-04 -9.383062133927304316e-06 -1.340461151818564574e-02 2.622555161318349679e-06 1.139550126618566188e-04 -1.300168583427279758e-05 -1.747910943819097523e-05 -1.785091833736495047e-05 -9.692907250241971712e-06 -3.255622881240377045e-06 -9.215822616463708835e-06 3.687763943879561704e-07 3.560842555604873598e-06 6.839352605180848339e-06 1.587581432624592689e-05 -8.374949447846376379e-05 -4.108224628673033283e-05 4.563643399009798486e-07 4.020590951408729807e-06 4.087052747588058571e-06 -9.549063694679860398e-06 -1.101375463759545060e-05 4.733894569022593543e-06 3.471140391717573472e-06 1.114105043280966748e-05 2.013925935749744496e-05 3.088272321936894087e-05 3.106812570957754303e-04 2.920720534907283311e-04 3.126120138952505996e-04 4.739933765404718983e-04 7.109613208910171801e-04 5.684834008096739145e-04 4.041769162906493269e-04 4.349386014066333175e-04 5.383342663924718966e-04 6.216665556844811705e-04
-9.120460297052398026e-04 -2.707572174449664053e-07 -1.404050032156007807e-02 2.503533564300212653e-06 1.185242186016698389e-04 -1.291425398964035863e-05 -1.709800270127438614e-05 -1.862105140840996249e-05 -2.001374295443977366e-05 -6.192809750929555374e-06 -2.699381561154339230e-08 -3.565183890155713013e-06 5.261637450387227735e-06 9.986279676872741211e-06 2.131031846246438091e-05 -9.235165247552010290e-05 -3.698161057074682485e-04 1.597918537244833171e-06 7.781928229651781897e-07 3.034285981261045152e-06 6.816295828063443586e-06 -7.894242298540144934e-06 -5.975831470957127373e-06 7.683619975680191748e-06 1.186581683027062388e-05 2.136625482989109077e-05 3.307034761883973970e-05 3.323194298301303381e-04 3.345961559185415797e-04 3.402881871640966180e-04 3.575725800366173811e-04 5.684834008096739145e-04 8.642175196673443360e-04 6.832864496589219306e-04 4.921373727229190649e-04 5.724543214873568280e-04 6.482616283781042358e-04
-1.041825430560558039e-03 -1.040894817314664399e-05 -1.428817148233073493e-02 1.387990186594297443e-07 1.240980276986757404e-04 -1.299840191018529129e-05 -1.770703114861304852e-05 -1.960785838170575593e-05 -2.170497912973977118e-05 -1.772230089374826921e-05 -3.465529431867972274e-06 7.906421059951970659e-06 3.523756777575788279e-06 1.377910711341083448e-05 2.896153888120240650e-05 -1.100489862792499080e-04 -5.825026525124549171e-04 1.227300151045963929e-06 -4.073295111031135640e-07 2.404492500453088004e-06 8.494378183803216455e-06 7.325134529528825293e-06 -1.979844029252185878e-06 -1.625212525274810873e-06 1.432592448646041706e-05 2.201422686013154389e-05 3.423965947319662769e-05 3.425070988049281934e-04 3.653467652314315063e-04 3.809746419508835253e-04 3.663393048531689441e-04 4.041769162906493269e-04 6.832864496589219306e-04 1.132818136193468675e-03 8.323444359762465850e-04 5.596470421843857896e-04 7.570739581865774254e-04
-1.238818943651894293e-03 -2.405059521491481969e-05 -1.368401019004748635e-02 1.449004879985787567e-06 1.378380503144342772e-04 -1.475226869328522905e-05 -1.977239237568983440e-05 -2.150788083304175510e-05 -2.473647969133933194e-05 -2.515839605191839181e-05 -2.118580601800532795e-05 -3.697484128379336279e-06 1.519779694920398527e-05 1.578923169745518836e-05 3.445961309654205072e-05 -1.396511475064156598e-04 -1.160942637803775816e-03 5.073105830573518329e-06 -2.562312007782160018e-06 -3.726415563604558157e-06 2.733683881578946226e-06 8.339613919723850579e-06 1.034511820843277141e-05 1.889302748359963459e-06 2.438784303735355646e-06 1.913948356195569654e-05 3.228970121761102401e-05 3.664530529629643463e-04 3.965390442447337509e-04 4.174130342316880642e-04 4.266314944166001242e-04 4.349386014066333175e-04 4.921373727229190649e-04 8.323444359762465850e-04 1.692697707439640023e-03 1.100729096035341298e-03 6.116353071794872719e-04
-1.518366861136457441e-03 -3.357809936998183670e-05 -1.558379305500046802e-02 -2.629744472356628781e-06 1.567479765295973335e-04 -1.620531508053297192e-05 -2.343703685208974535e-05 -2.284306856485657962e-05 -2.566088601847271651e-05 -2.671191217545608215e-05 -2.636955755551891292e-05 -1.497584692003840764e-05 -2.315197728838565261e-06 4.763373451415010758e-05 2.088061844963605307e-05 -1.858270284580539012e-04 -1.752251167892569664e-03 6.344538761432668968e-06 -3.474036076385212484e-06 -9.503999149591274909e-06 -3.711238648107153212e-06 3.184046129087212491e-06 1.175185147885204446e-05 9.083922262984082073e-06 1.222220727545280420e-05 6.203030780948482933e-06 3.891367275653834923e-05 4.449350802848518272e-04 4.297120741580924357e-04 4.844121368634855883e-04 5.224674010386223246e-04 5.383342663924718966e-04 5.724543214873568280e-04 5.596470421843857896e-04 1.100729096035341298e-03 3.605416529846276839e-03 1.641979342526732680e-03
-3.061082404856021663e-03 -2.493476677219934974e-04 -4.408130201456869970e-03 -2.976720125202030940e-05 1.803353090342692581e-04 -1.337929039978476540e-05 -2.382187401330143468e-05 -3.013716791122577940e-05 -2.845387376332457225e-05 -3.003895210685615422e-05 -2.374266680057979614e-05 -3.166900085026682878e-05 -2.253937930073861147e-06 1.148290135358551060e-05 1.922745784977262875e-05 1.229502664196256019e-05 1.200670617495825775e-03 -8.945957861478798833e-06 -2.417672661060362096e-06 4.006075800636531655e-06 -5.126546486562380142e-06 5.970103620184274373e-06 7.826857618918448594e-06 2.335616997649836584e-05 1.004750789466498014e-05 1.832505582637955859e-05 4.605317869409766016e-05 4.590811917015742835e-04 5.914200897858282397e-04 6.149811724665808516e-04 5.884201276540254599e-04 6.216665556844811705e-04 6.482616283781042358e-04 7.570739581865774254e-04 6.116353071794872719e-04 1.641979342526732680e-03 3.330643377959680712e-02
