# As_1e9 ns H0 omegab omegam LSST_DZ_S1 LSST_DZ_S2 LSST_DZ_S3 LSST_DZ_S4 LSST_DZ_S5 LSST_DZ_S6 LSST_DZ_S7 LSST_DZ_S8 LSST_DZ_S9 LSST_DZ_S10 LSST_A1_1 LSST_A1_2 LSST_M1 LSST_M2 LSST_M3 LSST_M4 LSST_M5 LSST_M6 LSST_M7 LSST_M8 LSST_M9 LSST_M10
1.882346865944708320e-02 1.506895971892226269e-03 -1.445358268087557629e-01 4.066826348872676572e-05 -5.738371359658046974e-04 3.476024756940462569e-05 2.454480551709288863e-05 2.445386080828594721e-05 1.429774198290975527e-05 2.688410512635591899e-05 1.913742794621466894e-05 3.170360732884017061e-05 2.041488676687525317e-05 7.020492143152959684e-06 -4.561795728092768421e-05 -1.139521655104974501e-03 -9.405017578989869828e-03 1.764426641693588155e-05 5.118629394919166218e-05 4.929644117340789517e-05 5.390537138341697975e-05 7.176836632101290264e-06 -1.159630766458949099e-05 -5.969847752987107042e-05 -8.369449500472547082e-05 -1.239720027780678944e-04 -1.983050295980251141e-04
1.506895971892226269e-03 2.340004024076844543e-04 -1.625915204471163264e-02 1.998912403541051432e-05 -1.385379945623814582e-05 5.850174398952530054e-07 -1.124036586693264812e-06 -4.962800796490971926e-07 -2.449550182144180399e-06 -1.721866910412303835e-07 -5.449084303622886403e-07 9.570093869243836129e-08 -6.178974060174182344e-07 5.610383355456013921e-07 3.200959847483279907e-07 -7.319240424083065393e-06 -4.897938195141204962e-04 -1.997672387342806777e-06 -4.745006396547820470e-07 -7.911453348924534498e-07 3.537392929675718287e-06 -1.030132482428662732e-07 1.114663827068275159e-06 3.887584578034179597e-07 1.025284369277790490e-06 2.507282982223755195e-07 -9.827480321734063751e-07
-1.445358268087557629e-01 -1.625915204471163264e-02 4.547404127335406443e+00 3.252655972903575540e-03 -4.355163911542073163e-03 2.264000427683806617e-04 3.631212579082060171e-04 4.308118180649893043e-04 5.774093178045270258e-04 2.120488906488520603e-04 1.277390933704683170e-04 1.624093933128369397e-04 1.512186134957202639e-04 1.947458731457052806e-04 7.174279281162627725e-05 1.513772751525329198e-03 1.095029244587580886e-02 6.004924468368526714e-05 6.217232550091475029e-04 8.725344218430316481e-04 6.485433162800203089e-04 1.041910715496666097e-03 9.002077171083681115e-04 6.055444157080916087e-04 3.167564859151242871e-04 -2.194211931247379478e-05 -4.070253506206514770e-04
4.066826348872676572e-05 1.998912403541051432e-05 3.252655972903575540e-03 1.601355848289111533e-05 7.436262459038575301e-06 -1.938905500632178882e-07 -6.812116733759797444e-07 -6.560113287593992981e-07 -7.956018147097198734e-07 -5.859939589000457543e-07 -7.688463902112824027e-07 -5.943504766731253351e-07 -4.983398480767092943e-07 -1.395025024815716572e-07 2.237810007523881696e-07 -1.613162941537483699e-06 -1.307498654389416796e-05 -6.466430641209197991e-07 -1.021455269466464359e-06 -1.559537466849703239e-06 -1.419293464851510275e-06 -1.515489703148438667e-06 -1.000177304370028475e-06 -7.557006428391440233e-07 -5.120556673999885974e-07 -1.775845361519482306e-07 2.750363258310904799e-07
-5.738371359658046974e-04 -1.385379945623814582e-05 -4.355163911542073163e-03 7.436262459038575301e-06 6.829039450904255196e-05 -3.453140542168249884e-06 -4.345733116399510731e-06 -4.770249532181050942e-06 -4.843604472873217923e-06 -3.918150894776032935e-06 -3.328182949819816553e-06 -4.085480432482637102e-06 -2.992143341334700093e-06 -1.827417565266303714e-06 2.615331006943902815e-06 5.618901923809627115e-05 5.627437008116490443e-04 -2.186636049352073227e-06 -7.591381183693802036e-06 -1.010928317624165076e-05 -1.027711312951273945e-05 -9.359496900192392632e-06 -7.275527718703769197e-06 -2.772469867938662633e-06 -3.584365592285529915e-08 4.312628431136727547e-06 1.120722834860372607e-05
3.476024756940462569e-05 5.850174398952530054e-07 2.264000427683806617e-04 -1.938905500632178882e-07 -3.453140542168249884e-06 1.288594572607449211e-05 5.138711666398727416e-06 2.926182459378324342e-06 1.603847216985867753e-06 3.098689646815931805e-07 -1.235099672469370619e-07 -5.219953028982778519e-07 -1.036601362642212567e-06 -1.515648518339268162e-07 4.744441819077531704e-07 1.814075467970068561e-05 -6.006957053439880177e-04 -7.355178268831621023e-06 2.965450058682135134e-07 1.188888536843439923e-06 1.480911240957339919e-06 1.933553754703516514e-06 1.464524851035680795e-06 1.122806900166291108e-06 8.624857916241833641e-07 -1.368179617015947884e-07 -1.199206614450561761e-06
2.454480551709288863e-05 -1.124036586693264812e-06 3.631212579082060171e-04 -6.812116733759797444e-07 -4.345733116399510731e-06 5.138711666398727416e-06 8.775924582609966778e-06 2.712507830818816266e-06 2.005164273564652259e-06 1.434781855419011045e-06 1.056310919048199204e-06 5.241436207892313490e-07 4.345066956975392617e-08 -6.870674940137737212e-08 -3.848017982391177339e-07 1.767207881712153683e-05 -2.425832851447286211e-04 9.357484182891105330e-07 -1.179941663398358793e-05 1.311291345619449905e-06 1.806866658738247427e-06 1.923352578437255992e-06 1.825381497304073640e-06 1.891092583500339901e-06 1.786209960390589833e-06 1.315284245324625009e-06 5.527900334432397179e-07
2.445386080828594721e-05 -4.962800796490971926e-07 4.308118180649893043e-04 -6.560113287593992981e-07 -4.770249532181050942e-06 2.926182459378324342e-06 2.712507830818816266e-06 8.828301591825998772e-06 2.064574500679503736e-06 1.943875472365598583e-06 1.543746832559093400e-06 1.315010604993247180e-06 5.955457147016660787e-07 1.448406610322801420e-07 -6.994651927574553802e-07 1.742305700470993176e-05 -4.924278686011042167e-05 5.590822678888777700e-07 1.023112210738451612e-06 -1.224479206778134488e-05 1.533399184073075237e-06 1.505154576649755775e-06 1.758468056326272577e-06 1.639373223237426604e-06 1.884487405649535640e-06 1.533537864296592756e-06 1.120095256115067971e-06
1.429774198290975527e-05 -2.449550182144180399e-06 5.774093178045270258e-04 -7.956018147097198734e-07 -4.843604472873217923e-06 1.603847216985867753e-06 2.005164273564652259e-06 2.064574500679503736e-06 9.697014457493967490e-06 2.314874527926477953e-06 2.217748743215776412e-06 1.705991450600463308e-06 1.226941437480382161e-06 6.507699385570374370e-07 -8.955543759665250867e-07 1.754505904068414133e-05 6.567534945246158019e-05 3.824300123234266743e-07 1.103412226525392071e-06 1.497289454586995011e-06 -1.100428800371414410e-05 1.214191751513802769e-06 1.350427433617102580e-06 1.650233823851180522e-06 1.899372334698479664e-06 1.778698735949605225e-06 1.672024377476095893e-06
2.688410512635591899e-05 -1.721866910412303835e-07 2.120488906488520603e-04 -5.859939589000457543e-07 -3.918150894776032935e-06 3.098689646815931805e-07 1.434781855419011045e-06 1.943875472365598583e-06 2.314874527926477953e-06 1.058181437853756132e-05 2.706330822845091156e-06 2.355962794285948481e-06 1.913350349336944584e-06 9.522024919994558907e-07 -6.524218047850594583e-07 1.667695726150907827e-05 1.651673697247760220e-04 4.714709421260603683e-07 5.059255137501645724e-07 8.433454729013591296e-07 9.638133835928056852e-07 -1.017768642734696246e-05 6.965029047016512520e-07 1.048455185906633530e-06 1.459821349461756016e-06 1.739790288878766166e-06 1.820379188383880485e-06
1.913742794621466894e-05 -5.449084303622886403e-07 1.277390933704683170e-04 -7.688463902112824027e-07 -3.328182949819816553e-06 -1.235099672469370619e-07 1.056310919048199204e-06 1.543746832559093400e-06 2.217748743215776412e-06 2.706330822845091156e-06 1.133744319623592288e-05 2.712611799505338377e-06 2.591929989156691310e-06 1.603711352275378550e-06 -3.651426705494309885e-07 1.428310783931334443e-05 2.002171407139775633e-04 2.075678919590414587e-07 4.193322771915378511e-07 1.046253731493473795e-06 8.194185267091156692e-07 3.417476919747177524e-07 -8.684041101453270314e-06 7.361974132123848035e-07 1.029251222602437275e-06 1.495273846807134410e-06 1.831166038383175239e-06
3.170360732884017061e-05 9.570093869243836129e-08 1.624093933128369397e-04 -5.943504766731253351e-07 -4.085480432482637102e-06 -5.219953028982778519e-07 5.241436207892313490e-07 1.315010604993247180e-06 1.705991450600463308e-06 2.355962794285948481e-06 2.712611799505338377e-06 1.260929483258321566e-05 2.516401905925085534e-06 2.037599420704479203e-06 2.778054476860568489e-07 5.969904692985407514e-06 1.621786818615817284e-04 -9.460889909785580519e-09 8.227585881510896112e-07 8.118253694252569348e-07 1.061523565232412877e-06 6.573460411411830069e-07 6.146722420805554978e-07 -7.700818871437016888e-06 9.293171314244058927e-07 1.114177692847300220e-06 1.351025581200535480e-06
2.041488676687525317e-05 -6.178974060174182344e-07 1.512186134957202639e-04 -4.983398480767092943e-07 -2.992143341334700093e-06 -1.036601362642212567e-06 4.345066956975392617e-08 5.955457147016660787e-07 1.226941437480382161e-06 1.913350349336944584e-06 2.591929989156691310e-06 2.516401905925085534e-06 1.341200199580573015e-05 2.564666599664008874e-06 1.120333718932315415e-06 -1.631741407897416314e-06 1.373993541835437848e-04 1.538110484880625171e-07 7.506972684089287744e-07 1.219444510658745167e-06 9.731249659973794747e-07 5.547159346109908592e-07 2.359443408190971662e-07 6.248109041587831996e-07 -6.229565816526076195e-06 6.983211864412593090e-07 1.037878426064623248e-06
7.020492143152959684e-06 5.610383355456013921e-07 1.947458731457052806e-04 -1.395025024815716572e-07 -1.827417565266303714e-06 -1.515648518339268162e-07 -6.870674940137737212e-08 1.448406610322801420e-07 6.507699385570374370e-07 9.522024919994558907e-07 1.603711352275378550e-06 2.037599420704479203e-06 2.564666599664008874e-06 1.549104500460257139e-05 2.853063416960334307e-06 -1.030483166803988096e-05 -2.267470182018312532e-05 -4.500645989499391898e-07 8.799747156065599909e-07 1.153337340657207956e-06 5.857898829472178886e-07 5.059132459147203830e-07 4.159886007226878737e-08 4.204451417989287310e-09 -9.261048983737197449e-08 -5.263396914192593167e-06 -1.391201830399848452e-07
-4.561795728092769777e-05 3.200959847483281495e-07 7.174279281162614173e-05 2.237810007523879844e-07 2.615331006943903238e-06 4.744441819077531704e-07 -3.848017982391176280e-07 -6.994651927574549567e-07 -8.955543759665254043e-07 -6.524218047850590348e-07 -3.651426705494315179e-07 2.778054476860566372e-07 1.120333718932315415e-06 2.853063416960334307e-06 2.177397479534780398e-05 -1.782777677209928309e-05 -2.381505493804750469e-04 -3.060387323893627939e-07 -1.258267579428588146e-07 3.164045585080400565e-07 6.787546720933190691e-07 2.734857192431467146e-07 3.156658222302155664e-07 -8.547434052922042988e-10 -2.563527860125205604e-07 -5.378713531318843229e-07 -4.805665812441734108e-06
-1.139521655104974501e-03 -7.319240424083065393e-06 1.513772751525329198e-03 -1.613162941537483699e-06 5.618901923809627115e-05 1.814075467970068561e-05 1.767207881712153683e-05 1.742305700470993176e-05 1.754505904068414133e-05 1.667695726150907827e-05 1.428310783931334443e-05 5.969904692985407514e-06 -1.631741407897416314e-06 -1.030483166803988096e-05 -1.782777677209928309e-05 7.948157163636285043e-04 3.516001732700858255e-03 -4.407276643670558934e-06 -1.680110636004311159e-05 -2.253903770529859900e-05 -2.318249967528164963e-05 -2.036342171426822349e-05 -1.270169675327047737e-05 -4.073912427712761759e-07 9.124076817970845971e-06 1.809897861357313731e-05 3.241401033076762530e-05
-9.405017578989869828e-03 -4.897938195141204962e-04 1.095029244587580886e-02 -1.307498654389416796e-05 5.627437008116490443e-04 -6.006957053439880177e-04 -2.425832851447286211e-04 -4.924278686011042167e-05 6.567534945246158019e-05 1.651673697247760220e-04 2.002171407139775633e-04 1.621786818615817284e-04 1.373993541835437848e-04 -2.267470182018312532e-05 -2.381505493804750469e-04 3.516001732700858255e-03 9.458459173802893916e-02 -2.574241475308997084e-05 3.211309902771180077e-05 -7.934979958917545836e-05 -1.556120283876009046e-04 -2.180860981458389346e-04 -1.931530471060469265e-04 -1.014316287811848190e-04 -3.926137946506610862e-05 8.345273504927642344e-05 2.563121267248971453e-04
1.764426641693587816e-05 -1.997672387342806777e-06 6.004924468368536201e-05 -6.466430641209199050e-07 -2.186636049352073227e-06 -7.355178268831621023e-06 9.357484182891103213e-07 5.590822678888778759e-07 3.824300123234267273e-07 4.714709421260605800e-07 2.075678919590415645e-07 -9.460889909785656619e-09 1.538110484880625171e-07 -4.500645989499391898e-07 -3.060387323893627939e-07 -4.407276643670558934e-06 -2.574241475308997084e-05 9.265408276629603869e-05 1.477094595261091334e-06 1.801883388517318537e-06 1.597120629623350712e-06 1.460296682536800620e-06 1.218537079537079660e-06 1.078279203311395952e-06 6.331272778182302017e-07 4.190548985434633434e-07 1.418183643884702770e-07
5.118629394919166218e-05 -4.745006396547820470e-07 6.217232550091475029e-04 -1.021455269466464359e-06 -7.591381183693802036e-06 2.965450058682135134e-07 -1.179941663398358793e-05 1.023112210738451612e-06 1.103412226525392071e-06 5.059255137501645724e-07 4.193322771915378511e-07 8.227585881510896112e-07 7.506972684089287744e-07 8.799747156065599909e-07 -1.258267579428588146e-07 -1.680110636004311159e-05 3.211309902771180077e-05 1.477094595261091334e-06 7.681034373159778246e-05 4.071118273798896466e-06 3.925781222598033667e-06 4.510345735344487696e-06 3.806705187305303480e-06 2.408416840559920318e-06 1.858455435610536151e-06 8.990244722003351858e-07 2.517948892291378244e-07
4.929644117340789517e-05 -7.911453348924534498e-07 8.725344218430316481e-04 -1.559537466849703239e-06 -1.010928317624165076e-05 1.188888536843439923e-06 1.311291345619449905e-06 -1.224479206778134488e-05 1.497289454586995011e-06 8.433454729013591296e-07 1.046253731493473795e-06 8.118253694252569348e-07 1.219444510658745167e-06 1.153337340657207956e-06 3.164045585080400565e-07 -2.253903770529859900e-05 -7.934979958917545836e-05 1.801883388517318537e-06 4.071118273798896466e-06 5.916030812759728570e-05 6.568221857205900205e-06 7.093215175194087229e-06 6.350696233721141217e-06 5.784276630268990528e-06 4.669126168955129556e-06 4.067292393285572756e-06 2.853519219345599842e-06
5.390537138341698652e-05 3.537392929675719981e-06 6.485433162800203089e-04 -1.419293464851510487e-06 -1.027711312951274114e-05 1.480911240957339919e-06 1.806866658738247003e-06 1.533399184073075025e-06 -1.100428800371414410e-05 9.638133835928052617e-07 8.194185267091153516e-07 1.061523565232413301e-06 9.731249659973794747e-07 5.857898829472178886e-07 6.787546720933190691e-07 -2.318249967528164963e-05 -1.556120283876009046e-04 1.597120629623350712e-06 3.925781222598033667e-06 6.568221857205900205e-06 4.437747921441808540e-05 8.551944622284188551e-06 8.344996157443202443e-06 7.543727398260908962e-06 6.962157012376602218e-06 6.370071400686073626e-06 4.730642329732878944e-06
7.176836632101290264e-06 -1.030132482428662732e-07 1.041910715496666097e-03 -1.515489703148438667e-06 -9.359496900192392632e-06 1.933553754703516514e-06 1.923352578437255992e-06 1.505154576649755775e-06 1.214191751513802769e-06 -1.017768642734696246e-05 3.417476919747177524e-07 6.573460411411830069e-07 5.547159346109908592e-07 5.059132459147203830e-07 2.734857192431467146e-07 -2.036342171426822349e-05 -2.180860981458389346e-04 1.460296682536800620e-06 4.510345735344487696e-06 7.093215175194087229e-06 8.551944622284188551e-06 3.627591721999350033e-05 1.027459163408145301e-05 9.590369560567189587e-06 9.074340645462246674e-06 8.360887140755191078e-06 7.085433705004093431e-06
-1.159630766458949099e-05 1.114663827068275159e-06 9.002077171083681115e-04 -1.000177304370028475e-06 -7.275527718703769197e-06 1.464524851035680795e-06 1.825381497304073640e-06 1.758468056326272577e-06 1.350427433617102580e-06 6.965029047016512520e-07 -8.684041101453270314e-06 6.146722420805554978e-07 2.359443408190971662e-07 4.159886007226878737e-08 3.156658222302155664e-07 -1.270169675327047737e-05 -1.931530471060469265e-04 1.218537079537079660e-06 3.806705187305303480e-06 6.350696233721141217e-06 8.344996157443202443e-06 1.027459163408145301e-05 2.934016097833562538e-05 1.066288486104724839e-05 1.067692931550214817e-05 1.024731371051776000e-05 9.161650806561274891e-06
-5.969847752987107720e-05 3.887584578034184891e-07 6.055444157080915003e-04 -7.557006428391440233e-07 -2.772469867938662209e-06 1.122806900166291108e-06 1.891092583500340113e-06 1.639373223237426604e-06 1.650233823851180946e-06 1.048455185906633742e-06 7.361974132123846976e-07 -7.700818871437016888e-06 6.248109041587831996e-07 4.204451417989287310e-09 -8.547434052922042988e-10 -4.073912427712761759e-07 -1.014316287811848190e-04 1.078279203311395952e-06 2.408416840559920318e-06 5.784276630268990528e-06 7.543727398260908962e-06 9.590369560567189587e-06 1.066288486104724839e-05 2.461375340734035965e-05 1.135519034089028863e-05 1.169601748967170786e-05 1.133652845257573008e-05
-8.369449500472547082e-05 1.025284369277790490e-06 3.167564859151242871e-04 -5.120556673999885974e-07 -3.584365592285529915e-08 8.624857916241833641e-07 1.786209960390589833e-06 1.884487405649535640e-06 1.899372334698479664e-06 1.459821349461756016e-06 1.029251222602437275e-06 9.293171314244058927e-07 -6.229565816526076195e-06 -9.261048983737197449e-08 -2.563527860125205604e-07 9.124076817970845971e-06 -3.926137946506610862e-05 6.331272778182302017e-07 1.858455435610536151e-06 4.669126168955129556e-06 6.962157012376602218e-06 9.074340645462246674e-06 1.067692931550214817e-05 1.135519034089028863e-05 2.149482665365614605e-05 1.300800559593014878e-05 1.319704975198856598e-05
-1.239720027780678944e-04 2.507282982223755195e-07 -2.194211931247379478e-05 -1.775845361519482306e-07 4.312628431136727547e-06 -1.368179617015947884e-07 1.315284245324625009e-06 1.533537864296592756e-06 1.778698735949605225e-06 1.739790288878766166e-06 1.495273846807134410e-06 1.114177692847300220e-06 6.983211864412593090e-07 -5.263396914192593167e-06 -5.378713531318843229e-07 1.809897861357313731e-05 8.345273504927642344e-05 4.190548985434633434e-07 8.990244722003351858e-07 4.067292393285572756e-06 6.370071400686073626e-06 8.360887140755191078e-06 1.024731371051776000e-05 1.169601748967170786e-05 1.300800559593014878e-05 1.999646884215617186e-05 1.530582073785005114e-05
-1.983050295980251412e-04 -9.827480321734078574e-07 -4.070253506206514770e-04 2.750363258310906387e-07 1.120722834860372099e-05 -1.199206614450561973e-06 5.527900334432399296e-07 1.120095256115067971e-06 1.672024377476095258e-06 1.820379188383880485e-06 1.831166038383175239e-06 1.351025581200535268e-06 1.037878426064623248e-06 -1.391201830399848452e-07 -4.805665812441734108e-06 3.241401033076762530e-05 2.563121267248971453e-04 1.418183643884702770e-07 2.517948892291378244e-07 2.853519219345599842e-06 4.730642329732878944e-06 7.085433705004093431e-06 9.161650806561274891e-06 1.133652845257573008e-05 1.319704975198856598e-05 1.530582073785005114e-05 2.118009988711297217e-05
