# As_1e9 ns H0 omegab omegam LSST_DZ_S1 LSST_DZ_S2 LSST_DZ_S3 LSST_DZ_S4 LSST_DZ_S5 LSST_DZ_S6 LSST_DZ_S7 LSST_DZ_S8 LSST_DZ_S9 LSST_DZ_S10 LSST_A1_1 LSST_A1_2 LSST_M1 LSST_M2 LSST_M3 LSST_M4 LSST_M5 LSST_M6 LSST_M7 LSST_M8 LSST_M9 LSST_M10 LSST_B1_1 LSST_B1_2 LSST_B1_3 LSST_B1_4 LSST_B1_5 LSST_B1_6 LSST_B1_7 LSST_B1_8 LSST_B1_9 LSST_B1_10
1.370830509560391937e-02 1.839658458238791188e-03 -1.443872402419607293e-01 -3.704199275391929319e-05 -4.379595018020768595e-04 4.141217560929085124e-05 4.054590252675513927e-05 4.580749925838245595e-05 4.572730800839779666e-05 3.842272623253303957e-05 2.950443479783930787e-05 1.246335185939200254e-05 -4.752535750470222830e-06 -2.294746684423227051e-05 -5.951695908522523716e-05 4.757297859784170467e-04 -7.677786569095430586e-05 -2.715144012433966366e-06 1.040036873794050470e-05 1.611374851442287865e-06 -8.756126253364002407e-06 -1.154288800900932845e-05 -1.604577609259917910e-05 -2.403570556790252089e-05 -3.877218022181447608e-05 -6.150462469564127097e-05 -9.550815671084328449e-05 -1.161203932588618284e-03 -1.342507395193237021e-03 -1.390946721925813076e-03 -1.406843776198496822e-03 -1.547430148725433040e-03 -1.677874966323772508e-03 -1.835806841539506639e-03 -1.937417688822872094e-03 -2.431016656563298340e-03 -3.620380399499873152e-03
1.839658458238791188e-03 3.557419435123739915e-04 -2.055509650589645854e-02 4.685565347339937354e-07 -5.892138279206610493e-05 3.325347181241232548e-06 3.160157272561429796e-06 3.980569807849537527e-06 3.469250105497470209e-06 2.719407223540695231e-06 2.490056387813708945e-06 1.724691814902725506e-06 1.063235147289427725e-06 -1.444815199209859286e-06 -3.419883210390053106e-06 1.225429564977209866e-04 1.692809457598009378e-04 7.871693180346620852e-08 3.701672323947143919e-06 4.109368184144985558e-06 4.657804573014162467e-06 4.801076417878358741e-06 4.446450513357446279e-06 3.623330198602313016e-06 2.525022801930910369e-06 2.077132075220162049e-06 2.146597852555046881e-07 -1.306451469766923255e-04 -1.395702985025985008e-04 -1.392065164697003216e-04 -1.274102421596669135e-04 -1.354272622612485554e-04 -1.423756774617268583e-04 -1.442205371010982684e-04 -1.330989565225739889e-04 -1.837693632419942855e-04 -3.609431714869488985e-04
-1.443872402419607293e-01 -2.055509650589645854e-02 4.409485303533503320e+00 1.606896130284844780e-03 -5.828650624087955250e-03 2.440121586007458661e-04 4.720149118358133280e-04 5.334417170283372624e-04 7.098759469055278401e-04 6.290071121277944662e-04 5.344995431971665207e-04 3.650156674170591743e-04 1.594213272325522841e-04 -1.640284320001440539e-04 1.378767779031469197e-04 6.867504753354119508e-03 -5.422403266964258110e-03 1.200498965145777735e-04 8.018510422781744958e-05 1.867875442103324776e-04 8.925000351872127184e-05 1.264772798050315772e-04 1.969046934042808497e-04 2.514343941139901735e-04 1.836028228738156040e-04 6.567111411855763674e-05 -4.086723768032277321e-04 -1.394755000026293330e-02 -1.307099129771530956e-02 -1.445913743162967856e-02 -1.496088706226777511e-02 -1.432382797558704075e-02 -1.425643447138487223e-02 -1.521254328567119007e-02 -1.897712103113521551e-02 -2.045610669004885307e-02 -1.488747102804626257e-02
-3.704199275391929319e-05 4.685565347339937354e-07 1.606896130284845431e-03 4.750157711992089326e-06 2.916532573934402960e-06 -1.129652962652739450e-07 -2.505873524672008203e-07 -3.090110409277733979e-07 -4.050720356399106644e-07 -3.376566876988481530e-07 -3.803652125824219785e-07 -2.391872263705993167e-07 -4.497703721036547135e-07 -2.682040915447571135e-07 5.103324012012738934e-07 -1.421687695763703563e-06 3.466489466226983954e-06 6.166019941667520505e-08 1.736515097854583879e-08 -1.212109079494332412e-07 -2.938015100264986402e-08 -1.465980149340046207e-07 -1.186264958363094061e-07 -2.351833236633192594e-07 1.601267559762343566e-08 -9.832458753343660692e-09 -5.080595016698157621e-08 7.004978733206418216e-06 7.385187260839214818e-06 8.360850468857906485e-06 7.857660248700021875e-06 6.921987706575869798e-06 7.474234145174680250e-06 7.699706241278059986e-06 4.968758328897336753e-06 4.320497755576548730e-07 -2.660105829227024676e-05
-4.379595018020768595e-04 -5.892138279206610493e-05 -5.828650624087955250e-03 2.916532573934402960e-06 6.372842223171588287e-05 -3.935721217115645046e-06 -5.320732355338868546e-06 -6.222692434073253976e-06 -7.231110501821016305e-06 -6.368315314835706363e-06 -5.505265465080203879e-06 -3.546666290127718350e-06 -1.899032460796507388e-06 1.352375196948356280e-06 3.707376647034500878e-06 -7.393240125953926358e-05 2.319327507560431972e-05 -2.601984608240264068e-07 -1.891271879232077029e-06 -2.785225790451689413e-06 -2.123669882450837421e-06 -2.651200723962125560e-06 -2.924014848328484405e-06 -3.026172156320297182e-06 -1.536996473956763818e-06 6.042957631684143837e-08 4.166995614937367796e-06 1.527125633207826504e-04 1.599318082497938999e-04 1.702133341334174455e-04 1.712427650762252172e-04 1.754070654345150210e-04 1.849543633007719580e-04 1.988669959916873078e-04 2.145795420001884166e-04 2.517467120287270065e-04 2.753743711170613946e-04
4.141217560929085124e-05 3.325347181241232548e-06 2.440121586007461913e-04 -1.129652962652739450e-07 -3.935721217115645046e-06 5.680360877115186451e-06 2.562610570190450116e-06 2.045862938521620882e-06 1.525857585766148984e-06 1.218224662293940903e-06 9.383743888347853143e-07 4.600794010293561225e-07 1.244059211536545166e-07 1.003021774532363325e-07 -5.938808440817590206e-07 4.242932966997625250e-06 -9.747042377232906349e-05 -1.890046936949130821e-06 1.575954693891015878e-06 1.194851667669616491e-06 1.008767246058313310e-06 6.298136813764053068e-07 3.850673625385260837e-07 2.855924085929348735e-07 -5.619207934077331229e-08 -5.297097758905069936e-07 -9.222231586774086468e-07 5.671395094447794787e-06 -9.308617133516342297e-06 -1.721576074116720450e-05 -1.591523503223862837e-05 -1.625864067416501517e-05 -1.707278092826594346e-05 -1.661986096923168054e-05 -1.543353957243043980e-05 -1.597384239455878647e-05 -2.536496295579770155e-05
4.054590252675513927e-05 3.160157272561429796e-06 4.720149118358131653e-04 -2.505873524672008203e-07 -5.320732355338868546e-06 2.562610570190450116e-06 5.486320993341302308e-06 2.839114611889310705e-06 1.987329083256526208e-06 1.712238500051971185e-06 1.496899373867558004e-06 9.428955742868467989e-07 4.746099494195139383e-07 1.962972098261668907e-07 -4.517574351100982189e-07 7.873763687334657627e-06 -4.761138663096055269e-05 1.053493338332555224e-06 -3.576226388603461174e-06 2.990446430519363718e-07 1.234371026570548818e-06 1.012031360814887465e-06 6.918111907513961787e-07 7.802910395829772731e-07 5.317099492983425947e-07 1.193881868519226003e-07 -4.331828977535367545e-07 -4.688255086159505188e-06 -1.033542943062904860e-06 -9.904054325076130455e-06 -1.902059854421932591e-05 -2.070414637004767776e-05 -2.174613466717073359e-05 -2.216976248163884629e-05 -2.088353214667098008e-05 -2.312017902973556108e-05 -2.359036293848423130e-05
4.580749925838248306e-05 3.980569807849541763e-06 5.334417170283372624e-04 -3.090110409277732921e-07 -6.222692434073253976e-06 2.045862938521621306e-06 2.839114611889310705e-06 5.652736797483801999e-06 3.126554816302178847e-06 2.027833086555586107e-06 1.901475775066364426e-06 1.184539280869446312e-06 7.557728458871735152e-07 5.091078868503053980e-07 -1.907822995514638642e-07 8.971418211647811940e-06 -1.890256643655152548e-06 3.147084640333588876e-07 3.921523686104566862e-07 -3.859626370424387236e-06 1.776625769744820422e-07 1.376020658920965808e-06 1.049407387919727931e-06 1.186171568634252299e-06 8.311151161337185091e-07 3.627869380568919123e-07 -2.232910131020534461e-07 -2.533889516084289603e-06 -1.300168422194635498e-05 -7.876577524616327746e-06 -1.306317577471962408e-05 -2.152807349565085405e-05 -2.544675930936602043e-05 -2.573752129147500073e-05 -2.537291091117140651e-05 -3.176375813454036280e-05 -2.578137086761817361e-05
4.572730800839779666e-05 3.469250105497470209e-06 7.098759469055276232e-04 -4.050720356399106644e-07 -7.231110501821016305e-06 1.525857585766148984e-06 1.987329083256526208e-06 3.126554816302178423e-06 6.342762029655882044e-06 3.609131368843474732e-06 2.461266533868540476e-06 1.882892986881703673e-06 1.010768816930794855e-06 7.684586499161880620e-07 -1.011903466007850700e-07 9.034730993338883654e-06 4.006876979654917391e-05 -5.189033657183979397e-09 7.965590549410477182e-07 9.147232603545591720e-08 -3.800287353745052329e-06 1.278478992675640218e-07 1.358871628690881597e-06 1.446467686057081899e-06 1.347062530538377753e-06 6.826537841878226773e-07 2.591829000602280197e-08 -8.501294488768796479e-06 -8.826504991921272107e-06 -1.634020436350548777e-05 -9.800107224776037545e-06 -1.471509053975296023e-05 -2.821891966637298007e-05 -3.174405001850156085e-05 -3.066515002176855935e-05 -3.335751898129696264e-05 -2.509375494597538187e-05
3.842272623253303957e-05 2.719407223540695231e-06 6.290071121277944662e-04 -3.376566876988481530e-07 -6.368315314835706363e-06 1.218224662293940903e-06 1.712238500051971185e-06 2.027833086555586107e-06 3.609131368843474732e-06 6.508621262566874341e-06 3.583321266056743923e-06 2.231691562846565222e-06 1.633553426293449218e-06 9.347837641006492248e-07 2.035315984031960373e-08 9.214370772416550148e-06 6.503541673030079691e-05 -1.322904773029671005e-07 3.263704208299071240e-07 9.699737315485640843e-07 -4.854191639413220042e-07 -3.497586878671932839e-06 3.880067366704776744e-07 1.601313027804200561e-06 1.429036356577991520e-06 1.075272089418532082e-06 4.496503882603000912e-07 -8.851454254343422043e-06 -6.539135806832340600e-06 -7.596639748998075030e-06 -1.347604627999731700e-05 -7.595905337569848794e-06 -1.265219420861257753e-05 -2.735129954801759523e-05 -3.084807970000974845e-05 -2.968665435219875490e-05 -2.715052418692473783e-05
2.950443479783930787e-05 2.490056387813708945e-06 5.344995431971668459e-04 -3.803652125824219785e-07 -5.505265465080203879e-06 9.383743888347853143e-07 1.496899373867558004e-06 1.901475775066365062e-06 2.461266533868540476e-06 3.583321266056743923e-06 7.560577428095102261e-06 3.656680148968651267e-06 2.113661134211305100e-06 1.548907161577423143e-06 4.492881612183580209e-07 7.641664035327184386e-06 6.310653378575495169e-05 -1.425723265132766402e-07 1.650800848702251661e-07 5.304651222514368052e-07 5.152672177572239999e-07 -2.615845884754746497e-07 -3.813531853987604657e-06 5.787847643390057417e-07 1.622126416280711592e-06 1.304254085620582227e-06 7.217597195630141300e-07 -8.558976913280047860e-06 -4.161324131254738223e-06 -4.384733826451216374e-06 -5.892815301175435833e-06 -1.060373818978894867e-05 -2.791456483931434788e-06 -1.079042312182319445e-05 -2.306910487465995685e-05 -2.860655004732001879e-05 -2.156740782390023219e-05
1.246335185939200254e-05 1.724691814902725506e-06 3.650156674170591743e-04 -2.391872263705993167e-07 -3.546666290127718350e-06 4.600794010293561225e-07 9.428955742868467989e-07 1.184539280869446948e-06 1.882892986881703673e-06 2.231691562846565222e-06 3.656680148968651267e-06 9.432168344031713366e-06 3.814274524187319610e-06 1.916843467744928030e-06 8.313557569214228861e-07 2.833417296485573821e-06 5.905715124829240796e-05 -3.005860345886076221e-07 8.114238227382659659e-08 7.539180002936368503e-07 5.932692806580049984e-07 7.933049428189285233e-07 -8.868606933661192854e-08 -4.298581620925108681e-06 1.005542754697873225e-06 1.928515971638810077e-06 1.566176283330478774e-06 -4.585914425710789947e-06 -1.135971980204874621e-06 1.685049783488293290e-07 2.213802222761740327e-07 2.692143962199259462e-06 -2.039557149068119040e-06 9.824337310851877269e-06 1.033515935690208639e-06 -1.361407126614574427e-05 -2.249083046933569459e-05
-4.752535750470248241e-06 1.063235147289426878e-06 1.594213272325522841e-04 -4.497703721036545547e-07 -1.899032460796507388e-06 1.244059211536541460e-07 4.746099494195139383e-07 7.557728458871735152e-07 1.010768816930794643e-06 1.633553426293449218e-06 2.113661134211304253e-06 3.814274524187319610e-06 1.287111553094613380e-05 3.053519877284816595e-06 1.438257625126872383e-06 9.322574286790892883e-07 3.915959718084626617e-05 -2.104046864289949334e-07 1.193058014393224153e-07 6.226979972122291053e-07 8.820442509332560181e-07 6.204247497420095584e-07 7.688626609610229668e-07 -2.766613629260908480e-08 -5.349026750691284550e-06 1.633000626661725663e-06 1.883659516935659234e-06 -1.954538434105420412e-06 2.096860257023491959e-06 3.515765286521658305e-06 5.360422544812073353e-06 7.399124264912783827e-06 8.719527746417356608e-06 6.476618541756101615e-06 2.713555318659474088e-05 9.310981871220031495e-06 2.392199087064347310e-06
-2.294746684423227051e-05 -1.444815199209859286e-06 -1.640284320001439726e-04 -2.682040915447571135e-07 1.352375196948356280e-06 1.003021774532363325e-07 1.962972098261668907e-07 5.091078868503057156e-07 7.684586499161880620e-07 9.347837641006492248e-07 1.548907161577423143e-06 1.916843467744928030e-06 3.053519877284815748e-06 1.665831672131728268e-05 2.438336419537388289e-06 -5.087393092290356669e-06 -4.234460657738689573e-06 -3.454743377421779896e-07 -1.028782227871370119e-07 -1.117637078586126850e-07 5.036863865917507151e-08 4.002749368368245413e-07 1.292294695681548727e-07 3.603821765799657954e-07 1.969914562538056736e-07 -5.478304406254326534e-06 1.691729007003333200e-06 7.484768254034569254e-06 7.637644710104658674e-06 9.750893225966512435e-06 1.037986571039881260e-05 1.295524129389951748e-05 1.650348641015056866e-05 1.926922021361510563e-05 1.995291096760018010e-05 6.692825915165816133e-05 2.813917990190502476e-05
-5.951695908522523716e-05 -3.419883210390053106e-06 1.378767779031469197e-04 5.103324012012738934e-07 3.707376647034500878e-06 -5.938808440817590206e-07 -4.517574351100982189e-07 -1.907822995514638642e-07 -1.011903466007850700e-07 2.035315984031960373e-08 4.492881612183580209e-07 8.313557569214228861e-07 1.438257625126872383e-06 2.438336419537388289e-06 2.288779567001457852e-05 -1.132588958405839675e-05 -8.137516348025653943e-05 2.223565341877643486e-07 -4.143720188147068998e-08 -2.734002408804514378e-07 -5.105733593904958675e-08 1.429581964729865842e-07 -3.313116093102894174e-08 6.275303186959518962e-09 1.713480375491432474e-07 5.737759133769302878e-07 -3.676859807664494275e-06 9.828472284376806679e-06 1.129933432638357693e-05 1.411358877235126223e-05 1.648563420458081151e-05 1.938162434402804216e-05 2.153166182433932101e-05 2.545249128523447850e-05 3.385932335460560587e-05 1.540907016645530898e-05 3.184094080779924658e-05
4.757297859784170467e-04 1.225429564977209866e-04 6.867504753354120375e-03 -1.421687695763703563e-06 -7.393240125953926358e-05 4.242932966997625250e-06 7.873763687334657627e-06 8.971418211647806857e-06 9.034730993338883654e-06 9.214370772416550148e-06 7.641664035327184386e-06 2.833417296485573821e-06 9.322574286790907706e-07 -5.087393092290356669e-06 -1.132588958405839675e-05 5.144294192830031233e-04 1.495007873155300470e-03 8.230391852353878180e-06 6.399198320517268954e-06 4.268023662939956817e-06 1.554374727487628619e-06 -1.717776191960367670e-06 -3.545474753428538512e-06 -2.839681974929576032e-06 -6.016878661002595662e-06 -8.327885088776495893e-06 -1.212370671359796181e-05 -1.452058476516723264e-04 -1.517744226268581524e-04 -1.768100894593891792e-04 -1.881369265351322706e-04 -1.971471199540538529e-04 -2.245619034033339049e-04 -2.552762932196901463e-04 -3.054766045087825501e-04 -3.254126839769228637e-04 -1.106364568144032831e-04
-7.677786569095430586e-05 1.692809457598009378e-04 -5.422403266964238161e-03 3.466489466226983954e-06 2.319327507560431972e-05 -9.747042377232906349e-05 -4.761138663096055269e-05 -1.890256643655122054e-06 4.006876979654917391e-05 6.503541673030079691e-05 6.310653378575495169e-05 5.905715124829240796e-05 3.915959718084627972e-05 -4.234460657738689573e-06 -8.137516348025653943e-05 1.495007873155300470e-03 4.975682708462911275e-02 -1.768467927323435888e-04 -3.078083214479122517e-05 3.920769865880847926e-05 4.055368372221661619e-05 3.548396131508027904e-05 4.334035097363116834e-05 3.120488639818263810e-05 2.211667703834485789e-05 1.486156635916516103e-06 -2.061735607122929410e-05 -1.685300508285966629e-04 5.231166907942564026e-05 1.988581797720324917e-04 2.628209722848335716e-04 5.949897326184490793e-05 -2.469980478728919663e-04 -4.557875886461785456e-04 -1.362758900625115005e-03 -2.064612623219225750e-03 2.034004032194575845e-03
-2.715144012433967637e-06 7.871693180346606293e-08 1.200498965145777735e-04 6.166019941667507270e-08 -2.601984608240264068e-07 -1.890046936949130821e-06 1.053493338332555013e-06 3.147084640333588876e-07 -5.189033657184104301e-09 -1.322904773029671005e-07 -1.425723265132765608e-07 -3.005860345886076751e-07 -2.104046864289949334e-07 -3.454743377421782014e-07 2.223565341877643486e-07 8.230391852353878180e-06 -1.768467927323435888e-04 9.089657800964163331e-05 2.306715406434953175e-06 2.176939167633034473e-06 1.641582324303375781e-06 1.251755922418772041e-06 7.023165135296486516e-07 5.803989421217960944e-07 2.474542774839160232e-07 3.257365926965818197e-07 1.242482422514037922e-07 -1.435578843036960495e-05 -6.834876573678993494e-08 4.406428510545521557e-06 1.032060166826619624e-06 7.194430498684246961e-07 5.801525058357010738e-07 -4.203864634896603254e-07 6.250510556082848170e-07 2.284408794198775364e-06 -4.206029246618556445e-06
1.040036873794050470e-05 3.701672323947143919e-06 8.018510422781757155e-05 1.736515097854583879e-08 -1.891271879232077029e-06 1.575954693891015878e-06 -3.576226388603461174e-06 3.921523686104568450e-07 7.965590549410477182e-07 3.263704208299071240e-07 1.650800848702251661e-07 8.114238227382659659e-08 1.193058014393223624e-07 -1.028782227871370119e-07 -4.143720188147068998e-08 6.399198320517268954e-06 -3.078083214479122517e-05 2.306715406434952752e-06 7.073420855015215443e-05 4.803966484903308176e-06 3.965398346089405923e-06 4.076454900053805377e-06 3.930033788579206023e-06 3.656283464130630467e-06 3.238407915993103573e-06 3.088291468464537121e-06 2.724277334839942068e-06 1.214455145666979420e-07 -2.101749309385226103e-05 -1.104192244479180026e-05 4.983314228152501238e-06 4.689325896576329753e-06 2.151567786220776283e-06 6.903584013267960766e-07 2.128219146599590014e-08 -3.303554574695260929e-06 -1.590527429780726415e-05
1.611374851442287865e-06 4.109368184144985558e-06 1.867875442103324776e-04 -1.212109079494332412e-07 -2.785225790451689413e-06 1.194851667669616491e-06 2.990446430519363718e-07 -3.859626370424387236e-06 9.147232603545591720e-08 9.699737315485640843e-07 5.304651222514368052e-07 7.539180002936368503e-07 6.226979972122291053e-07 -1.117637078586126850e-07 -2.734002408804514378e-07 4.268023662939956817e-06 3.920769865880847926e-05 2.176939167633034473e-06 4.803966484903308176e-06 5.362763349927940159e-05 6.612084107201436109e-06 5.485846682825804389e-06 6.057296726833929975e-06 5.749484064909967041e-06 5.726166847659266104e-06 5.790466608453006640e-06 5.410718667248940212e-06 -4.372915018589983162e-06 2.281258671075176904e-06 -1.291805486865292964e-05 -4.885035776637515957e-06 7.444381233053540357e-06 7.952473095946921858e-06 5.636286144408994374e-06 3.955237448612907270e-06 5.096450560471449273e-07 2.772102053443076830e-06
-8.756126253364002407e-06 4.657804573014162467e-06 8.925000351872138026e-05 -2.938015100264986402e-08 -2.123669882450837421e-06 1.008767246058313310e-06 1.234371026570548818e-06 1.776625769744821481e-07 -3.800287353745052329e-06 -4.854191639413220042e-07 5.152672177572239999e-07 5.932692806580049984e-07 8.820442509332560181e-07 5.036863865917507151e-08 -5.105733593904958675e-08 1.554374727487628619e-06 4.055368372221661619e-05 1.641582324303375781e-06 3.965398346089405923e-06 6.612084107201436109e-06 4.270661852596097975e-05 8.697825584180856383e-06 7.469452563841075969e-06 7.546399067147842375e-06 7.437376041675019140e-06 7.887348978773055062e-06 7.584347407586766066e-06 5.789593775991780276e-06 2.034477582906212553e-06 6.849642179466574798e-06 -4.860991659771145621e-06 8.206152314320155069e-07 1.450926295927423807e-05 1.642925266075016561e-05 1.350409566876942861e-05 4.436121923151521259e-06 4.990516392124692644e-06
-1.154288800900932845e-05 4.801076417878358741e-06 1.264772798050314145e-04 -1.465980149340046207e-07 -2.651200723962125560e-06 6.298136813764053068e-07 1.012031360814887465e-06 1.376020658920966020e-06 1.278478992675640218e-07 -3.497586878671932839e-06 -2.615845884754746497e-07 7.933049428189285233e-07 6.204247497420095584e-07 4.002749368368245413e-07 1.429581964729865842e-07 -1.717776191960367670e-06 3.548396131508027904e-05 1.251755922418772253e-06 4.076454900053805377e-06 5.485846682825804389e-06 8.697825584180856383e-06 3.584921447692535740e-05 9.671910442235263472e-06 8.736188548840356487e-06 8.814529464024300738e-06 9.056206572107942829e-06 8.916485283139784332e-06 9.924866803720719591e-06 6.147565727731709512e-06 3.990054240970926074e-06 8.280454266026947161e-06 -1.301349182800135314e-06 -5.095181828585199401e-08 1.671766432507566558e-05 1.931786436458987041e-05 3.759532834057339954e-06 9.998451433185265134e-06
-1.604577609259918926e-05 4.446450513357447973e-06 1.969046934042808497e-04 -1.186264958363091812e-07 -2.924014848328484405e-06 3.850673625385261896e-07 6.918111907513963905e-07 1.049407387919727931e-06 1.358871628690881385e-06 3.880067366704776744e-07 -3.813531853987604234e-06 -8.868606933661228588e-08 7.688626609610229668e-07 1.292294695681547933e-07 -3.313116093102894174e-08 -3.545474753428539359e-06 4.334035097363114801e-05 7.023165135296486516e-07 3.930033788579206023e-06 6.057296726833929975e-06 7.469452563841075969e-06 9.671910442235263472e-06 3.152843429414499898e-05 1.073828014490917735e-05 9.950577960004753291e-06 1.044943591573504017e-05 1.033704281793776974e-05 1.228202193574637997e-05 8.834527381318176895e-06 7.624074696443453185e-06 8.357967198662763554e-06 1.183141462250882436e-05 -2.520258492123682930e-06 4.427843629556392184e-06 1.734866051418660319e-05 9.741114916728411176e-06 1.157831486630108897e-05
-2.403570556790252089e-05 3.623330198602313016e-06 2.514343941139900109e-04 -2.351833236633192594e-07 -3.026172156320297182e-06 2.855924085929348735e-07 7.802910395829772731e-07 1.186171568634252087e-06 1.446467686057081899e-06 1.601313027804200561e-06 5.787847643390057417e-07 -4.298581620925108681e-06 -2.766613629260918737e-08 3.603821765799657954e-07 6.275303186959518962e-09 -2.839681974929576032e-06 3.120488639818263810e-05 5.803989421217960944e-07 3.656283464130630467e-06 5.749484064909967041e-06 7.546399067147842375e-06 8.736188548840356487e-06 1.073828014490917905e-05 2.813640707427525830e-05 1.149543409003524660e-05 1.128129309729649853e-05 1.131227450506220974e-05 1.325474192282193763e-05 1.403308497536298980e-05 1.257579123988977426e-05 1.185669725586653865e-05 1.031118825591900525e-05 1.089222871074217180e-05 -1.004823112176523446e-06 7.319477619122346490e-06 7.034492249082906201e-06 2.186767061206678218e-05
-3.877218022181447608e-05 2.525022801930910369e-06 1.836028228738156040e-04 1.601267559762343566e-08 -1.536996473956763818e-06 -5.619207934077331229e-08 5.317099492983425947e-07 8.311151161337185091e-07 1.347062530538377753e-06 1.429036356577991520e-06 1.622126416280711592e-06 1.005542754697873225e-06 -5.349026750691284550e-06 1.969914562538056736e-07 1.713480375491432474e-07 -6.016878661002595662e-06 2.211667703834485789e-05 2.474542774839160232e-07 3.238407915993103573e-06 5.726166847659266104e-06 7.437376041675019140e-06 8.814529464024300738e-06 9.950577960004753291e-06 1.149543409003524660e-05 2.576906320598793576e-05 1.249985403638952936e-05 1.255242955568233929e-05 1.746594218164344386e-05 2.052189260874882567e-05 2.111266003356919901e-05 1.970431451674749143e-05 1.991548919336432266e-05 1.692446476248498670e-05 1.899484928579868830e-05 7.933467498674463521e-06 9.226753301534756691e-06 1.444115327294797282e-05
-6.150462469564127097e-05 2.077132075220162049e-06 6.567111411855785358e-05 -9.832458753343660692e-09 6.042957631684143837e-08 -5.297097758905069936e-07 1.193881868519226003e-07 3.627869380568917005e-07 6.826537841878226773e-07 1.075272089418532082e-06 1.304254085620582227e-06 1.928515971638810077e-06 1.633000626661725027e-06 -5.478304406254326534e-06 5.737759133769302878e-07 -8.327885088776495893e-06 1.486156635916516103e-06 3.257365926965820314e-07 3.088291468464537121e-06 5.790466608453006640e-06 7.887348978773055062e-06 9.056206572107942829e-06 1.044943591573504017e-05 1.128129309729649853e-05 1.249985403638952936e-05 2.383198151567243132e-05 1.428345622003454934e-05 2.131441939806916688e-05 2.750757230411577265e-05 2.910308325762558869e-05 2.997430663988541406e-05 3.180579640170242962e-05 2.938494122236207895e-05 2.974996165923140572e-05 3.704118342207785307e-05 8.612788988354816398e-06 2.189179825098765353e-05
-9.550815671084328449e-05 2.146597852555046881e-07 -4.086723768032280574e-04 -5.080595016698157621e-08 4.166995614937367796e-06 -9.222231586774086468e-07 -4.331828977535367545e-07 -2.232910131020535255e-07 2.591829000602280197e-08 4.496503882603000912e-07 7.217597195630141300e-07 1.566176283330478774e-06 1.883659516935659234e-06 1.691729007003333200e-06 -3.676859807664494275e-06 -1.212370671359796181e-05 -2.061735607122929410e-05 1.242482422514040834e-07 2.724277334839942068e-06 5.410718667248940212e-06 7.584347407586766066e-06 8.916485283139784332e-06 1.033704281793776974e-05 1.131227450506220974e-05 1.255242955568233929e-05 1.428345622003454934e-05 2.216218056268426940e-05 3.289410991222012039e-05 3.961025422967146242e-05 4.290740654826608166e-05 4.451007564956584108e-05 4.870284263273751358e-05 4.869900414518946353e-05 5.140194922278334706e-05 5.671932042252378380e-05 6.041980318036381645e-05 7.095919384053353204e-05
-1.161203932588618284e-03 -1.306451469766923255e-04 -1.394755000026292983e-02 7.004978733206418216e-06 1.527125633207826504e-04 5.671395094447794787e-06 -4.688255086159505188e-06 -2.533889516084287486e-06 -8.501294488768796479e-06 -8.851454254343422043e-06 -8.558976913280047860e-06 -4.585914425710789947e-06 -1.954538434105415329e-06 7.484768254034569254e-06 9.828472284376806679e-06 -1.452058476516723264e-04 -1.685300508285966629e-04 -1.435578843036960326e-05 1.214455145666979420e-07 -4.372915018589983162e-06 5.789593775991780276e-06 9.924866803720719591e-06 1.228202193574637658e-05 1.325474192282193763e-05 1.746594218164344386e-05 2.131441939806916688e-05 3.289410991222012039e-05 6.943409486303194758e-04 4.188057720374893981e-04 4.005639293504239759e-04 4.406623400538020965e-04 4.616454712784485060e-04 4.807803873276074208e-04 5.283190408371836455e-04 6.005637612267452968e-04 6.840845095696111754e-04 8.643163953870146429e-04
-1.342507395193237021e-03 -1.395702985025985008e-04 -1.307099129771531476e-02 7.385187260839214818e-06 1.599318082497938999e-04 -9.308617133516342297e-06 -1.033542943062904860e-06 -1.300168422194635159e-05 -8.826504991921272107e-06 -6.539135806832340600e-06 -4.161324131254738223e-06 -1.135971980204874621e-06 2.096860257023492806e-06 7.637644710104658674e-06 1.129933432638357693e-05 -1.517744226268581524e-04 5.231166907942564026e-05 -6.834876573678911437e-08 -2.101749309385226103e-05 2.281258671075176904e-06 2.034477582906212553e-06 6.147565727731709512e-06 8.834527381318176895e-06 1.403308497536298980e-05 2.052189260874882567e-05 2.750757230411577265e-05 3.961025422967146242e-05 4.188057720374893981e-04 7.560151512766183661e-04 5.750416325938001363e-04 4.568730628546042809e-04 4.818762874546695567e-04 5.191574167889630598e-04 5.647866334867246213e-04 6.404353924792489331e-04 7.517618895316079738e-04 8.184038487367087259e-04
-1.390946721925813076e-03 -1.392065164697003216e-04 -1.445913743162968723e-02 8.360850468857906485e-06 1.702133341334174455e-04 -1.721576074116720450e-05 -9.904054325076130455e-06 -7.876577524616331134e-06 -1.634020436350548777e-05 -7.596639748998075030e-06 -4.384733826451216374e-06 1.685049783488293290e-07 3.515765286521662964e-06 9.750893225966512435e-06 1.411358877235126223e-05 -1.768100894593891792e-04 1.988581797720324917e-04 4.406428510545523251e-06 -1.104192244479180026e-05 -1.291805486865292964e-05 6.849642179466574798e-06 3.990054240970926074e-06 7.624074696443453185e-06 1.257579123988977426e-05 2.111266003356919901e-05 2.910308325762558869e-05 4.290740654826608166e-05 4.005639293504239759e-04 5.750416325938001363e-04 8.209271880699217736e-04 5.990777074334318730e-04 5.038121991289585145e-04 5.366100433821150394e-04 6.030346984777467919e-04 6.773430412335752120e-04 7.611100778065255004e-04 8.278676527621752932e-04
-1.406843776198496822e-03 -1.274102421596669135e-04 -1.496088706226778031e-02 7.857660248700021875e-06 1.712427650762252172e-04 -1.591523503223862837e-05 -1.902059854421932591e-05 -1.306317577471962916e-05 -9.800107224776037545e-06 -1.347604627999731700e-05 -5.892815301175435833e-06 2.213802222761740327e-07 5.360422544812069965e-06 1.037986571039881260e-05 1.648563420458081151e-05 -1.881369265351322706e-04 2.628209722848335716e-04 1.032060166826619835e-06 4.983314228152501238e-06 -4.885035776637515957e-06 -4.860991659771145621e-06 8.280454266026947161e-06 8.357967198662761860e-06 1.185669725586653865e-05 1.970431451674749143e-05 2.997430663988541406e-05 4.451007564956584108e-05 4.406623400538020965e-04 4.568730628546042809e-04 5.990777074334318730e-04 7.809442017172984595e-04 6.581138932237613325e-04 5.432081921455008929e-04 5.866174539778142146e-04 6.757376550093501834e-04 7.744744078166237175e-04 7.953213729582847905e-04
-1.547430148725433040e-03 -1.354272622612485554e-04 -1.432382797558704075e-02 6.921987706575869798e-06 1.754070654345150210e-04 -1.625864067416501517e-05 -2.070414637004767776e-05 -2.152807349565085066e-05 -1.471509053975296023e-05 -7.595905337569848794e-06 -1.060373818978894867e-05 2.692143962199259462e-06 7.399124264912780439e-06 1.295524129389951748e-05 1.938162434402804216e-05 -1.971471199540538529e-04 5.949897326184490793e-05 7.194430498684256490e-07 4.689325896576329753e-06 7.444381233053540357e-06 8.206152314320155069e-07 -1.301349182800135314e-06 1.183141462250882266e-05 1.031118825591900525e-05 1.991548919336432266e-05 3.180579640170242962e-05 4.870284263273751358e-05 4.616454712784485060e-04 4.818762874546695567e-04 5.038121991289585145e-04 6.581138932237613325e-04 8.958600484364376455e-04 7.588934130110583636e-04 6.172233474644333879e-04 6.916581088220191556e-04 8.476448734537370090e-04 9.038518955852770575e-04
-1.677874966323772508e-03 -1.423756774617268583e-04 -1.425643447138486876e-02 7.474234145174680250e-06 1.849543633007719580e-04 -1.707278092826594346e-05 -2.174613466717073359e-05 -2.544675930936601704e-05 -2.821891966637298007e-05 -1.265219420861257753e-05 -2.791456483931434788e-06 -2.039557149068119040e-06 8.719527746417356608e-06 1.650348641015056866e-05 2.153166182433932101e-05 -2.245619034033339049e-04 -2.469980478728919663e-04 5.801525058357001209e-07 2.151567786220776283e-06 7.952473095946921858e-06 1.450926295927423807e-05 -5.095181828585199401e-08 -2.520258492123684200e-06 1.089222871074217180e-05 1.692446476248498670e-05 2.938494122236207895e-05 4.869900414518946353e-05 4.807803873276074208e-04 5.191574167889630598e-04 5.366100433821150394e-04 5.432081921455008929e-04 7.588934130110583636e-04 1.069059910895095271e-03 8.981048467548751390e-04 7.295765715316323598e-04 8.979351319667138029e-04 8.958954073029287571e-04
-1.835806841539506639e-03 -1.442205371010982684e-04 -1.521254328567119007e-02 7.699706241278059986e-06 1.988669959916873078e-04 -1.661986096923168054e-05 -2.216976248163884629e-05 -2.573752129147500412e-05 -3.174405001850156085e-05 -2.735129954801759523e-05 -1.079042312182319445e-05 9.824337310851877269e-06 6.476618541756104156e-06 1.926922021361510563e-05 2.545249128523447850e-05 -2.552762932196901463e-04 -4.557875886461785456e-04 -4.203864634896601666e-07 6.903584013267960766e-07 5.636286144408994374e-06 1.642925266075016561e-05 1.671766432507566558e-05 4.427843629556391337e-06 -1.004823112176523446e-06 1.899484928579868830e-05 2.974996165923140572e-05 5.140194922278334706e-05 5.283190408371836455e-04 5.647866334867246213e-04 6.030346984777467919e-04 5.866174539778142146e-04 6.172233474644333879e-04 8.981048467548751390e-04 1.393022916597888355e-03 1.111162748983050667e-03 9.453715135989784225e-04 9.596263291544553098e-04
-1.937417688822872094e-03 -1.330989565225739889e-04 -1.897712103113520510e-02 4.968758328897336753e-06 2.145795420001884166e-04 -1.543353957243043980e-05 -2.088353214667098008e-05 -2.537291091117141329e-05 -3.066515002176855935e-05 -3.084807970000974845e-05 -2.306910487465995685e-05 1.033515935690208639e-06 2.713555318659473410e-05 1.995291096760018010e-05 3.385932335460560587e-05 -3.054766045087825501e-04 -1.362758900625115005e-03 6.250510556082842876e-07 2.128219146599590014e-08 3.955237448612907270e-06 1.350409566876942861e-05 1.931786436458987041e-05 1.734866051418660658e-05 7.319477619122346490e-06 7.933467498674463521e-06 3.704118342207785307e-05 5.671932042252378380e-05 6.005637612267452968e-04 6.404353924792489331e-04 6.773430412335752120e-04 6.757376550093501834e-04 6.916581088220191556e-04 7.295765715316323598e-04 1.111162748983050667e-03 2.081105862808243882e-03 1.501810614366333322e-03 1.126331168879686441e-03
-2.431016656563298340e-03 -1.837693632419942855e-04 -2.045610669004884960e-02 4.320497755576548730e-07 2.517467120287270065e-04 -1.597384239455878647e-05 -2.312017902973556108e-05 -3.176375813454035603e-05 -3.335751898129696264e-05 -2.968665435219875490e-05 -2.860655004732001879e-05 -1.361407126614574427e-05 9.310981871220028107e-06 6.692825915165816133e-05 1.540907016645530898e-05 -3.254126839769228637e-04 -2.064612623219225750e-03 2.284408794198774941e-06 -3.303554574695260929e-06 5.096450560471449273e-07 4.436121923151521259e-06 3.759532834057339954e-06 9.741114916728411176e-06 7.034492249082906201e-06 9.226753301534756691e-06 8.612788988354816398e-06 6.041980318036381645e-05 6.840845095696111754e-04 7.517618895316079738e-04 7.611100778065255004e-04 7.744744078166237175e-04 8.476448734537370090e-04 8.979351319667138029e-04 9.453715135989784225e-04 1.501810614366333322e-03 4.208468226735057743e-03 2.291786374037086110e-03
-3.620380399499873152e-03 -3.609431714869488985e-04 -1.488747102804624696e-02 -2.660105829227024676e-05 2.753743711170613946e-04 -2.536496295579770155e-05 -2.359036293848423130e-05 -2.578137086761817361e-05 -2.509375494597538187e-05 -2.715052418692473783e-05 -2.156740782390023219e-05 -2.249083046933569459e-05 2.392199087064336299e-06 2.813917990190502476e-05 3.184094080779924658e-05 -1.106364568144032831e-04 2.034004032194575845e-03 -4.206029246618552210e-06 -1.590527429780726415e-05 2.772102053443076830e-06 4.990516392124692644e-06 9.998451433185265134e-06 1.157831486630109067e-05 2.186767061206678218e-05 1.444115327294797282e-05 2.189179825098765353e-05 7.095919384053353204e-05 8.643163953870146429e-04 8.184038487367087259e-04 8.278676527621752932e-04 7.953213729582847905e-04 9.038518955852770575e-04 8.958954073029287571e-04 9.596263291544553098e-04 1.126331168879686441e-03 2.291786374037086110e-03 3.365889955626097385e-02
