# As_1e9 ns H0 omegab omegam LSST_DZ_S1 LSST_DZ_S2 LSST_DZ_S3 LSST_DZ_S4 LSST_DZ_S5 LSST_DZ_S6 LSST_DZ_S7 LSST_DZ_S8 LSST_DZ_S9 LSST_DZ_S10 LSST_A1_1 LSST_A1_2 LSST_M1 LSST_M2 LSST_M3 LSST_M4 LSST_M5 LSST_M6 LSST_M7 LSST_M8 LSST_M9 LSST_M10 LSST_B1_1 LSST_B1_2 LSST_B1_3 LSST_B1_4 LSST_B1_5 LSST_B1_6 LSST_B1_7 LSST_B1_8 LSST_B1_9 LSST_B1_10
1.743165774546142840e-02 2.112642382294556767e-03 -1.530911290641261413e-01 -5.074553224283918055e-05 -6.549601402420264376e-04 4.485394538182384234e-05 5.679971527683528893e-05 6.425287639689161625e-05 4.719195761853093636e-05 3.528229544787336576e-05 2.217058473503194602e-05 2.569543646954940984e-06 -1.757900351613691123e-05 -4.387023762148825997e-05 -4.556816071227200345e-05 7.719220401368177787e-04 1.141648188516563786e-03 4.005605469772743566e-06 -6.887971123395842551e-06 -5.318592251082626523e-06 3.386955791466608183e-06 -5.184434357339808316e-06 -8.411732775329970431e-06 -2.798783622270715248e-05 -5.568053472255531935e-05 -9.155809133465513702e-05 -1.687726313238617352e-04 -1.904993044913040525e-03 -2.110995010780033175e-03 -2.163384583998260741e-03 -2.381725296196885930e-03 -2.676996403906168991e-03 -2.965085389301147425e-03 -3.302908074510536428e-03 -3.740050873414807898e-03 -4.462319489251679282e-03 -5.608699155767987894e-03
2.112642382294556767e-03 3.897273699629365653e-04 -2.064891654490681738e-02 2.683083086758732131e-07 -7.621995325429340926e-05 1.803909631583239461e-06 4.564102691382165782e-06 4.948611255792347864e-06 2.841539702359271192e-06 1.878396836553186890e-06 1.299393187748644734e-06 -1.955143608954267141e-07 -1.158580130786530374e-06 -1.836365633704681291e-06 -1.747836648902508923e-06 1.456919318076493354e-04 1.270183327927491780e-04 1.760833173511766819e-06 1.532302776204887199e-07 7.235287864704496803e-07 2.835459738062420885e-06 3.461069010274884020e-06 3.861460080399456749e-06 3.217621588470738851e-06 1.586322551285846007e-06 -4.445161752243984112e-07 -4.015801531986792002e-06 -2.065926215760950006e-04 -2.034518520324773148e-04 -1.892203066037920049e-04 -2.022553211890449319e-04 -2.183244039244336063e-04 -2.327724963039017980e-04 -2.453600902823677588e-04 -2.573826944498180816e-04 -2.985758006367640605e-04 -4.847967595176954389e-04
-1.530911290641261413e-01 -2.064891654490682085e-02 5.404904881604494449e+00 2.074535611720392837e-03 -8.817016308524645504e-03 4.403406992187507726e-04 6.862273829539262482e-04 6.057228168779002280e-04 8.840327520220270978e-04 7.121483237084331184e-04 4.762415012912233443e-04 1.874122426230789363e-04 1.524124881961710335e-04 6.651180517893505559e-05 -2.350839158582636302e-04 1.118356308080542018e-02 7.586879726655826155e-03 5.675166550888083186e-05 2.370384674445919277e-05 2.995703400226856056e-04 5.344020845145972356e-05 3.221548220855108367e-04 4.413694644710605122e-04 4.875413826585784077e-04 3.295135494727601260e-04 -9.093943465463187148e-05 -4.800632144083858766e-04 -2.234878195830806991e-02 -2.116495721814533326e-02 -2.409753883916517653e-02 -2.381018043042594859e-02 -2.396248021605448461e-02 -2.514383412095969397e-02 -2.572281807074365892e-02 -2.702695135731804019e-02 -2.756392173123666661e-02 -2.646636197462940224e-02
-5.074553224283918055e-05 2.683083086758732131e-07 2.074535611720392837e-03 6.044374300976305045e-06 3.634898303121889321e-06 -3.991594739373102246e-07 -9.642700085617797203e-08 -2.074524930394630123e-07 -1.540953241081772397e-07 -1.462493675863306150e-07 -2.614278735199283504e-07 -4.245227919533133528e-07 -3.289367116464194404e-08 5.749610326750834784e-08 1.364352404533713021e-07 -7.030217789137931152e-07 1.657051485482093574e-05 1.232708548524562269e-07 -1.993897472684206608e-07 -1.805608864571819914e-07 -1.757394641463796532e-07 -5.982490919675291130e-08 -3.615925472343059216e-08 1.937052280654160167e-07 -8.273167920928755041e-08 9.084902200163226110e-09 3.146823904825021510e-07 9.467498531435996080e-06 1.170077007104172338e-05 1.156335449543112696e-05 1.199254966048510603e-05 1.059910553773138918e-05 9.259789816714707934e-06 9.066886038486232410e-06 9.808735169523211182e-06 3.159855008769725385e-06 -2.968281567108372709e-05
-6.549601402420264376e-04 -7.621995325429340926e-05 -8.817016308524645504e-03 3.634898303121889321e-06 9.130320472525327335e-05 -5.301708270491286021e-06 -7.208892196337073147e-06 -7.534409923693285368e-06 -7.569979707247753454e-06 -6.069658835475480627e-06 -4.474125671937103594e-06 -2.179719040986223858e-06 -6.363563313901996440e-08 2.058950184944745639e-06 3.710251579686168345e-06 -1.079955040447077311e-04 -6.634871686876361917e-05 -4.049961802317121097e-07 -3.637829155025673903e-07 -2.300796937283314590e-06 -2.530410016950268757e-06 -3.533790590117482103e-06 -4.284743197812316165e-06 -3.316646945952261622e-06 -1.622287738541073957e-06 2.379719056714761070e-06 9.116789931688474845e-06 2.404407689873694094e-04 2.494100727997711339e-04 2.636395897723081130e-04 2.773188083452825053e-04 2.953230697062517889e-04 3.169352937270299088e-04 3.389623356020271777e-04 3.716883227641234891e-04 4.094243173703304576e-04 4.416658446323594358e-04
4.485394538182384234e-05 1.803909631583239461e-06 4.403406992187509352e-04 -3.991594739373102246e-07 -5.301708270491286021e-06 7.201169789903315928e-06 2.882028913781892997e-06 1.910645378499877382e-06 1.593060710629090133e-06 1.232529546836976423e-06 1.022002595561896997e-06 5.209977365608105746e-07 1.703531250127026556e-07 1.498984699556832570e-07 -1.869888857680927199e-07 3.072910606239888605e-06 -1.298246377045636165e-04 -1.827495797005211132e-06 5.826729710094558984e-07 1.242719080416987912e-06 8.668502529829414723e-07 8.210386470334241989e-07 5.114087161466684656e-07 3.916952896637538150e-07 1.248469260234098490e-07 -4.376910142742371036e-07 -1.134117923574169307e-06 6.631203644295352995e-06 -1.184552107480268519e-05 -2.252354494355202882e-05 -2.178539985471419820e-05 -2.209814221209114714e-05 -2.321665057770585602e-05 -2.527663332533959672e-05 -2.916885363888598048e-05 -3.519841539345323401e-05 -5.001387883549147164e-05
5.679971527683528893e-05 4.564102691382165782e-06 6.862273829539259230e-04 -9.642700085617797203e-08 -7.208892196337073147e-06 2.882028913781892997e-06 6.605516772834838182e-06 3.593295999080074644e-06 1.831915556150096867e-06 1.659162997937408459e-06 1.308672753133936038e-06 7.865069410821955354e-07 6.306134437737468121e-07 6.232273272944931803e-07 -2.739514459498430423e-07 1.026610029741693034e-05 -6.767051123054579223e-05 5.598311352978492813e-07 -3.006000207622225010e-06 -5.243128706858435265e-07 1.279075851782752173e-06 1.071940226864878742e-06 1.139488641376556161e-06 1.089171009790874940e-06 6.393859986092601033e-07 4.559281348151099971e-10 -4.577563644490862640e-07 -1.188972132468334607e-05 -3.899630222956824985e-06 -1.239919267407387410e-05 -2.549977375072301977e-05 -2.871746361118871825e-05 -3.001937345573952673e-05 -3.215546003579557638e-05 -3.405112412185558514e-05 -4.232079462485059446e-05 -4.647099777481521757e-05
6.425287639689161625e-05 4.948611255792349558e-06 6.057228168779002280e-04 -2.074524930394627740e-07 -7.534409923693285368e-06 1.910645378499876959e-06 3.593295999080074644e-06 6.567736585544712350e-06 3.852151442032349859e-06 2.151916892589225728e-06 1.616558140711275688e-06 8.773877674104627925e-07 7.602967885912176091e-07 4.417704321793374651e-07 -5.238555326575620653e-08 1.132598273588739853e-05 -4.429230567082275178e-06 4.911536876609743069e-07 -4.149133352393881094e-07 -3.390984574013949326e-06 -6.135729233690583661e-07 1.034385241588595924e-06 1.242680395622245131e-06 1.447169155009494935e-06 8.140258032893545674e-07 2.934488640114968633e-07 -3.808444922089534495e-07 -6.140871241086599919e-06 -1.761518775314507246e-05 -1.024043254233802874e-05 -1.505216620721724742e-05 -2.583100235784865467e-05 -3.195634186277086325e-05 -3.611191787891256582e-05 -4.028124498173505546e-05 -4.482817048815928727e-05 -4.694846702880394753e-05
4.719195761853093636e-05 2.841539702359271192e-06 8.840327520220268810e-04 -1.540953241081772397e-07 -7.569979707247753454e-06 1.593060710629090133e-06 1.831915556150096867e-06 3.852151442032349859e-06 6.800163363313863720e-06 4.207036494787610355e-06 2.096123490081708622e-06 1.531523569881719285e-06 9.611289397041584410e-07 5.274615963569500126e-07 2.129434480850868288e-07 1.066214047541569531e-05 5.284327500520556736e-05 9.890842025524160245e-08 7.186385175172931343e-07 -5.779757387575725990e-07 -3.377184719931278615e-06 -6.815494258703028385e-07 1.389770380226600092e-06 1.506262928090821490e-06 1.285625379022026957e-06 7.988825987644968575e-07 -4.087161756161966744e-08 -7.786759936940132104e-06 -1.342983673625525084e-05 -1.840265432747757076e-05 -8.770837061354377860e-06 -1.183202403502619324e-05 -2.750984887901958465e-05 -3.623440726225132672e-05 -3.873711456828610400e-05 -4.095092133151760822e-05 -4.044547324665479865e-05
3.528229544787336576e-05 1.878396836553186890e-06 7.121483237084331184e-04 -1.462493675863306150e-07 -6.069658835475480627e-06 1.232529546836976423e-06 1.659162997937408459e-06 2.151916892589225728e-06 4.207036494787610355e-06 7.319409091731646531e-06 4.143578943739013351e-06 1.686828936493201692e-06 1.337723017462228079e-06 1.011635606766101246e-06 2.444077284922104948e-07 8.845867058869822389e-06 5.943507052746335484e-05 6.885695870153264408e-08 3.305271782307662016e-07 7.077479078528814442e-07 -8.036071012336547265e-07 -3.763864667242993765e-06 -3.572132149457462919e-07 1.599644202700297981e-06 1.430959921031266237e-06 9.284426654271124991e-07 2.989467628008577075e-07 -6.487123255928695690e-06 -7.129335934390072000e-06 -9.590937710766878792e-06 -1.398576819219666138e-05 -4.895549296106554270e-06 -9.532338127491320732e-06 -2.662748145986924066e-05 -3.194380300533425322e-05 -2.828413800500965413e-05 -3.660072178481267255e-05
2.217058473503194602e-05 1.299393187748644734e-06 4.762415012912234527e-04 -2.614278735199283504e-07 -4.474125671937103594e-06 1.022002595561896997e-06 1.308672753133936038e-06 1.616558140711275900e-06 2.096123490081708622e-06 4.143578943739013351e-06 8.679817865103681281e-06 3.936656404577141753e-06 1.302001739115071167e-06 8.146131766165274824e-07 2.601251352676742383e-07 4.180294342397859462e-06 4.497722561276288066e-05 -4.908383870084799035e-08 1.051990696750158420e-07 6.558871759440479733e-07 8.580744208629947003e-07 -9.523983016886563772e-07 -4.526640407012860218e-06 -1.047241014942258057e-07 1.800499288532856695e-06 1.553109897523251439e-06 8.557018714821050314e-07 -3.761848000639246213e-06 -2.506126463153134229e-06 -3.113704493918488258e-06 -5.750755910047280961e-06 -9.102934840833137246e-06 4.334781784795962341e-06 -2.123646782118910258e-06 -1.763946271431366086e-05 -2.236885562343231111e-05 -2.150744158805390326e-05
2.569543646954940984e-06 -1.955143608954267141e-07 1.874122426230788007e-04 -4.245227919533133528e-07 -2.179719040986223858e-06 5.209977365608105746e-07 7.865069410821955354e-07 8.773877674104632160e-07 1.531523569881719285e-06 1.686828936493201692e-06 3.936656404577141753e-06 1.081302749191455539e-05 3.093312508928789992e-06 9.559569837417265881e-07 4.794186936203942055e-07 1.294260865837836140e-06 3.592968156036270046e-05 -2.152627720162299521e-07 1.043490002250500799e-07 5.680965252541418652e-07 5.936076802429530123e-07 8.414066952182743988e-07 -6.599020634213405441e-07 -5.507951562987954539e-06 7.655520889202142381e-07 1.826246412285349722e-06 1.345674861949566772e-06 2.453978238123866044e-07 3.646379712513309198e-06 2.773061253775693420e-06 3.116122130591711942e-06 2.489054161955979672e-06 -1.051650102853978058e-06 1.860458461092741680e-05 9.647194510766166214e-06 -3.746500192595156582e-06 -4.457097659632349210e-06
-1.757900351613689429e-05 -1.158580130786528680e-06 1.524124881961710335e-04 -3.289367116464255946e-08 -6.363563313901996440e-08 1.703531250127025233e-07 6.306134437737463886e-07 7.602967885912176091e-07 9.611289397041580175e-07 1.337723017462228079e-06 1.302001739115070743e-06 3.093312508928789145e-06 1.428796891848298872e-05 2.182403988524043318e-06 2.275755991762250197e-07 1.773500115958250847e-06 5.710183933088340151e-05 -4.883749624331991042e-08 -6.020388129363174609e-08 3.545941383623787237e-07 6.230611967186686703e-07 5.681628904611794510e-07 1.149762028625824249e-06 1.264437088021767724e-07 -6.564721864281746580e-06 1.434141566754325792e-06 1.711395949972074764e-06 4.368115351790013275e-06 6.936541419817418134e-06 8.686632889357210054e-06 9.251062359990118593e-06 9.853150064080045537e-06 8.659335178341509033e-06 6.254858112290361750e-06 4.051706863767377663e-05 1.366838094909823687e-05 7.668312582762074726e-06
-4.387023762148825997e-05 -1.836365633704681291e-06 6.651180517893505559e-05 5.749610326750834784e-08 2.058950184944745639e-06 1.498984699556832570e-07 6.232273272944931803e-07 4.417704321793370945e-07 5.274615963569500126e-07 1.011635606766101246e-06 8.146131766165274824e-07 9.559569837417265881e-07 2.182403988524044165e-06 1.760125737903436160e-05 1.225518500672996413e-06 -5.989164266350065959e-06 1.751987172964687822e-05 3.411018110046735923e-08 -3.916460792833973261e-07 2.175086679573322033e-07 6.230711549234747962e-07 3.721182445050869200e-07 1.188496190758547523e-06 1.520897055715739589e-06 1.152383787257704824e-06 -5.883612855337121258e-06 2.557083026964023116e-06 9.194577081264817441e-06 1.484334649982971710e-05 1.647470292939660363e-05 1.442120523616980472e-05 1.657009947179967222e-05 1.897874639413101442e-05 1.921020941229893079e-05 1.873253649041680525e-05 8.194468973219143240e-05 2.178022823922595526e-05
-4.556816071227200345e-05 -1.747836648902508923e-06 -2.350839158582636302e-04 1.364352404533713021e-07 3.710251579686168345e-06 -1.869888857680927199e-07 -2.739514459498430423e-07 -5.238555326575620653e-08 2.129434480850868288e-07 2.444077284922104948e-07 2.601251352676742383e-07 4.794186936203942055e-07 2.275755991762250197e-07 1.225518500672996413e-06 2.296608482792944028e-05 -9.237274278362766136e-06 -7.778157519041665124e-05 2.082435317675315874e-07 9.154602344704005628e-08 2.527140239470561825e-07 -5.602787485332868180e-08 2.559696839559559811e-07 4.490579668349937561e-07 7.725533892640903982e-07 1.462152619163547369e-06 1.262898084744152376e-06 -3.827485307560155117e-06 1.542673603019687807e-05 1.268501038010330462e-05 1.179110515726713686e-05 1.874358884155212748e-05 2.222605011948777039e-05 2.543561821195007973e-05 2.681526042612249024e-05 1.918074395372582560e-05 -3.782326078380499616e-06 4.720203320001987464e-05
7.719220401368177787e-04 1.456919318076493354e-04 1.118356308080541671e-02 -7.030217789137931152e-07 -1.079955040447077311e-04 3.072910606239888605e-06 1.026610029741693034e-05 1.132598273588739683e-05 1.066214047541569531e-05 8.845867058869822389e-06 4.180294342397859462e-06 1.294260865837836140e-06 1.773500115958249577e-06 -5.989164266350065959e-06 -9.237274278362766136e-06 8.731383896719310898e-04 3.332602558026755493e-03 6.793210069468154712e-06 6.495664690590238755e-06 5.103242335544400412e-06 2.235815387782423670e-06 1.904319442031891355e-06 1.454190999407201188e-06 -2.705384372635122271e-06 -1.130150610960691706e-05 -1.535521435012935265e-05 -2.507518908863402902e-05 -2.722449276138125761e-04 -2.776702170071718785e-04 -3.007030188711309871e-04 -3.325132535031940693e-04 -3.792151196286457147e-04 -4.226074752956643452e-04 -4.513005431155213258e-04 -4.930786150193443556e-04 -5.900436751227952897e-04 -2.869468788949180527e-04
1.141648188516563786e-03 1.270183327927491780e-04 7.586879726655857380e-03 1.657051485482093574e-05 -6.634871686876361917e-05 -1.298246377045636165e-04 -6.767051123054579223e-05 -4.429230567082273484e-06 5.284327500520556736e-05 5.943507052746335484e-05 4.497722561276288066e-05 3.592968156036270046e-05 5.710183933088344894e-05 1.751987172964687822e-05 -7.778157519041665124e-05 3.332602558026755493e-03 9.763763181714379957e-02 -1.738535468001022304e-04 -6.133915599488071256e-05 2.005632553743563363e-05 3.343461452276306486e-05 7.239393248705755046e-05 8.515138681210511777e-05 8.243935867802956643e-05 1.589434254778083466e-05 -2.503067586528006204e-05 -8.066544263982588971e-05 -5.597361425957696332e-04 -4.041119441986379163e-04 -2.992927522948076596e-04 -4.087476271268025772e-04 -7.515372296427293500e-04 -1.182657369791732110e-03 -1.664973034399781348e-03 -2.559568600768483051e-03 -3.042267596478290346e-03 3.196788811398981311e-03
4.005605469772749496e-06 1.760833173511766819e-06 5.675166550888083186e-05 1.232708548524562533e-07 -4.049961802317121097e-07 -1.827495797005211132e-06 5.598311352978492813e-07 4.911536876609743069e-07 9.890842025524153628e-08 6.885695870153264408e-08 -4.908383870084795726e-08 -2.152627720162301638e-07 -4.883749624331991042e-08 3.411018110046743864e-08 2.082435317675315874e-07 6.793210069468154712e-06 -1.738535468001022575e-04 9.516026622152780432e-05 6.966612382725572396e-07 7.910357924832600930e-07 7.738348434079115659e-07 2.689809862426181291e-07 1.867012929668753963e-08 1.376829946334636556e-07 9.019484726948487768e-08 -4.969133816231197378e-08 -1.866841976662962524e-08 -1.202913871826363287e-05 -3.410030351361972806e-06 1.848322973457980082e-06 1.051425468520933584e-06 -6.744304859755717294e-08 -3.306718193343164562e-07 2.456477526121173896e-08 4.733780025440587747e-06 2.945921738962632519e-06 -4.998599437725327291e-06
-6.887971123395842551e-06 1.532302776204887199e-07 2.370384674445936556e-05 -1.993897472684206608e-07 -3.637829155025673903e-07 5.826729710094558984e-07 -3.006000207622225010e-06 -4.149133352393882682e-07 7.186385175172931343e-07 3.305271782307662016e-07 1.051990696750158420e-07 1.043490002250500799e-07 -6.020388129363182550e-08 -3.916460792833973261e-07 9.154602344704005628e-08 6.495664690590238755e-06 -6.133915599488071256e-05 6.966612382725573454e-07 8.408753607229645349e-05 2.969764420741553236e-06 1.697300944889360740e-06 2.052062912428847641e-06 2.048696486245759972e-06 2.059989263700956489e-06 1.804970629384268515e-06 1.789072115168352366e-06 1.551502177991420988e-06 2.328388934795953371e-06 -1.520940275658999557e-05 -9.627731779880497877e-06 4.239219476728994595e-06 6.177552667268620701e-06 4.607305747688708631e-06 3.382299781589469443e-06 3.762619578610761428e-06 7.423434488338785759e-06 -5.802101199930157064e-06
-5.318592251082626523e-06 7.235287864704496803e-07 2.995703400226856056e-04 -1.805608864571819914e-07 -2.300796937283314590e-06 1.242719080416987912e-06 -5.243128706858435265e-07 -3.390984574013949326e-06 -5.779757387575725990e-07 7.077479078528814442e-07 6.558871759440479733e-07 5.680965252541418652e-07 3.545941383623787237e-07 2.175086679573322033e-07 2.527140239470561825e-07 5.103242335544400412e-06 2.005632553743563363e-05 7.910357924832600930e-07 2.969764420741553236e-06 7.205560899384654927e-05 4.446362031111525779e-06 3.149103504867849689e-06 3.699582223618522207e-06 3.776797934625850106e-06 3.883334445077245232e-06 3.631880978422285035e-06 3.437051507574531910e-06 -3.610052859362062703e-06 -1.457759511655265348e-06 -1.485792407169297147e-05 -1.156654601823628660e-05 -1.641152627088251359e-06 1.397380618881113267e-06 1.578219347682528740e-06 2.774314803447935452e-06 -1.686239165111025670e-07 -1.300340399831649914e-05
3.386955791466608183e-06 2.835459738062420885e-06 5.344020845145968290e-05 -1.757394641463796532e-07 -2.530410016950268757e-06 8.668502529829414723e-07 1.279075851782752173e-06 -6.135729233690583661e-07 -3.377184719931278615e-06 -8.036071012336547265e-07 8.580744208629947003e-07 5.936076802429530123e-07 6.230611967186685645e-07 6.230711549234747962e-07 -5.602787485332868180e-08 2.235815387782423670e-06 3.343461452276306486e-05 7.738348434079111423e-07 1.697300944889360740e-06 4.446362031111525779e-06 6.127711332607986008e-05 6.305144788033156511e-06 4.982360036731065897e-06 5.368347499079326705e-06 5.533885544610551241e-06 5.571275542450037847e-06 5.724187551809151540e-06 1.570757062710307802e-06 1.091281128916922672e-06 2.838896928629211453e-07 -1.353289249802544249e-05 -1.328232609049305731e-05 8.585083575753270637e-07 6.564809593687996356e-06 5.247821581092430996e-06 3.632254672184339612e-06 5.422163028353710239e-07
-5.184434357339808316e-06 3.461069010274884020e-06 3.221548220855108367e-04 -5.982490919675291130e-08 -3.533790590117482103e-06 8.210386470334241989e-07 1.071940226864878742e-06 1.034385241588595712e-06 -6.815494258703028385e-07 -3.763864667242993765e-06 -9.523983016886563772e-07 8.414066952182743988e-07 5.681628904611793451e-07 3.721182445050869200e-07 2.559696839559559811e-07 1.904319442031891355e-06 7.239393248705755046e-05 2.689809862426183408e-07 2.052062912428847641e-06 3.149103504867849689e-06 6.305144788033156511e-06 5.334306786974977863e-05 7.922903600824252336e-06 6.861316502800635655e-06 7.205051083661051152e-06 7.262261446029729188e-06 7.369881655195393980e-06 5.200715299024351078e-06 3.043174225525793087e-06 8.723214319979709575e-07 1.032176385795804220e-06 -1.271891453336196215e-05 -1.237132159414583177e-05 3.317670457616498847e-06 5.358715999228742256e-06 -2.875678501909067623e-06 7.553515614385432041e-07
-8.411732775329973819e-06 3.861460080399455055e-06 4.413694644710605122e-04 -3.615925472343063186e-08 -4.284743197812316165e-06 5.114087161466683597e-07 1.139488641376556373e-06 1.242680395622245131e-06 1.389770380226599881e-06 -3.572132149457462919e-07 -4.526640407012859371e-06 -6.599020634213406500e-07 1.149762028625824249e-06 1.188496190758547734e-06 4.490579668349937561e-07 1.454190999407199705e-06 8.515138681210513132e-05 1.867012929668753963e-08 2.048696486245759972e-06 3.699582223618522207e-06 4.982360036731065897e-06 7.922903600824250642e-06 4.782183657991882569e-05 9.359245370071616788e-06 8.117561636074253624e-06 8.460632739370271355e-06 8.993192293476047369e-06 6.397800853021369363e-06 6.397213679862878915e-06 3.480783433022344865e-06 2.975399558911529648e-06 1.367771955739383817e-06 -1.587388736490421453e-05 -1.081753849213025552e-05 2.836155464845513651e-06 3.639179906331119985e-06 -1.476546365514385870e-06
-2.798783622270715248e-05 3.217621588470738851e-06 4.875413826585782450e-04 1.937052280654160167e-07 -3.316646945952261622e-06 3.916952896637538150e-07 1.089171009790874940e-06 1.447169155009495146e-06 1.506262928090821490e-06 1.599644202700297981e-06 -1.047241014942258057e-07 -5.507951562987954539e-06 1.264437088021764019e-07 1.520897055715739589e-06 7.725533892640903982e-07 -2.705384372635122271e-06 8.243935867802956643e-05 1.376829946334636556e-07 2.059989263700956489e-06 3.776797934625850106e-06 5.368347499079326705e-06 6.861316502800635655e-06 9.359245370071616788e-06 4.277542997827922159e-05 1.034497720592615626e-05 9.973607190489537327e-06 1.064820801839085323e-05 1.263374576722031110e-05 1.309061002387804379e-05 1.246690985468598358e-05 1.047741999600688718e-05 8.375439654165496212e-06 7.310559746502674484e-06 -9.306580288676716259e-06 -7.458570841025700717e-07 1.118040355135834533e-05 9.981124053209704117e-06
-5.568053472255531935e-05 1.586322551285846007e-06 3.295135494727601260e-04 -8.273167920928755041e-08 -1.622287738541073957e-06 1.248469260234098490e-07 6.393859986092601033e-07 8.140258032893545674e-07 1.285625379022026957e-06 1.430959921031266237e-06 1.800499288532856695e-06 7.655520889202142381e-07 -6.564721864281746580e-06 1.152383787257704824e-06 1.462152619163547369e-06 -1.130150610960691706e-05 1.589434254778083466e-05 9.019484726948487768e-08 1.804970629384268515e-06 3.883334445077245232e-06 5.533885544610551241e-06 7.205051083661051152e-06 8.117561636074253624e-06 1.034497720592615626e-05 3.828402192314351167e-05 1.167810473979829677e-05 1.249724674830927219e-05 1.882319456776022809e-05 2.327066880493060857e-05 2.254629095409555086e-05 2.191071215482176253e-05 2.125534364182533518e-05 2.212409164183634522e-05 2.538052752868481538e-05 3.566690231983076935e-06 2.385498883072963145e-05 2.688687583425116584e-05
-9.155809133465513702e-05 -4.445161752243984112e-07 -9.093943465463197990e-05 9.084902200163226110e-09 2.379719056714761070e-06 -4.376910142742371036e-07 4.559281348151099971e-10 2.934488640114967045e-07 7.988825987644968575e-07 9.284426654271124991e-07 1.553109897523251439e-06 1.826246412285349722e-06 1.434141566754325369e-06 -5.883612855337121258e-06 1.262898084744152376e-06 -1.535521435012935265e-05 -2.503067586528006204e-05 -4.969133816231203995e-08 1.789072115168352366e-06 3.631880978422285035e-06 5.571275542450037847e-06 7.262261446029729188e-06 8.460632739370273049e-06 9.973607190489537327e-06 1.167810473979829677e-05 3.403534548335107650e-05 1.451538568478566724e-05 3.143747064416029923e-05 3.624033348547893565e-05 3.806864271775943438e-05 4.099084336742017670e-05 4.164113967304635934e-05 4.229586005788143398e-05 4.727764467881306773e-05 5.598987852813532614e-05 2.831322879287792474e-05 5.025653594955266330e-05
-1.687726313238617352e-04 -4.015801531986792002e-06 -4.800632144083858766e-04 3.146823904825021510e-07 9.116789931688474845e-06 -1.134117923574169307e-06 -4.577563644490862640e-07 -3.808444922089534495e-07 -4.087161756161966744e-08 2.989467628008577075e-07 8.557018714821050314e-07 1.345674861949566772e-06 1.711395949972074764e-06 2.557083026964023116e-06 -3.827485307560155117e-06 -2.507518908863402902e-05 -8.066544263982588971e-05 -1.866841976662931091e-08 1.551502177991420988e-06 3.437051507574531910e-06 5.724187551809151540e-06 7.369881655195393980e-06 8.993192293476049063e-06 1.064820801839085323e-05 1.249724674830927219e-05 1.451538568478566724e-05 3.125943384894174399e-05 4.910602440727168894e-05 5.993951084016632729e-05 6.542310392482283564e-05 6.790888052692122066e-05 7.212154704378568682e-05 7.718898536338154035e-05 8.556184871077908091e-05 9.815839244054452948e-05 1.182232357943529248e-04 1.123343955415923305e-04
-1.904993044913040525e-03 -2.065926215760950006e-04 -2.234878195830805603e-02 9.467498531435996080e-06 2.404407689873694094e-04 6.631203644295352995e-06 -1.188972132468334607e-05 -6.140871241086601613e-06 -7.786759936940132104e-06 -6.487123255928695690e-06 -3.761848000639246213e-06 2.453978238123866044e-07 4.368115351790023439e-06 9.194577081264817441e-06 1.542673603019687807e-05 -2.722449276138125761e-04 -5.597361425957696332e-04 -1.202913871826363456e-05 2.328388934795953371e-06 -3.610052859362062703e-06 1.570757062710307802e-06 5.200715299024351078e-06 6.397800853021368516e-06 1.263374576722031110e-05 1.882319456776022809e-05 3.143747064416029923e-05 4.910602440727168894e-05 1.056954029364288268e-03 7.414043350429702335e-04 6.860669854708818056e-04 7.544492532471208917e-04 8.202424155743646321e-04 8.810108909075783923e-04 9.549246788798411304e-04 1.055001861379092258e-03 1.156164345451431022e-03 1.196508431333609011e-03
-2.110995010780033175e-03 -2.034518520324773148e-04 -2.116495721814532632e-02 1.170077007104172338e-05 2.494100727997711339e-04 -1.184552107480268519e-05 -3.899630222956824985e-06 -1.761518775314507585e-05 -1.342983673625525084e-05 -7.129335934390072000e-06 -2.506126463153134229e-06 3.646379712513309198e-06 6.936541419817419828e-06 1.484334649982971710e-05 1.268501038010330462e-05 -2.776702170071718785e-04 -4.041119441986379163e-04 -3.410030351361971111e-06 -1.520940275658999557e-05 -1.457759511655265348e-06 1.091281128916922672e-06 3.043174225525793087e-06 6.397213679862880609e-06 1.309061002387804379e-05 2.327066880493060857e-05 3.624033348547893565e-05 5.993951084016632729e-05 7.414043350429702335e-04 1.096368607661534714e-03 9.449497751915077138e-04 8.063596740290434987e-04 8.469248615908968108e-04 9.317918713393474189e-04 1.023653197712704084e-03 1.149235270550015087e-03 1.280880713927778089e-03 1.292713603293916364e-03
-2.163384583998260741e-03 -1.892203066037920049e-04 -2.409753883916517306e-02 1.156335449543112696e-05 2.636395897723081130e-04 -2.252354494355202882e-05 -1.239919267407387410e-05 -1.024043254233802366e-05 -1.840265432747757076e-05 -9.590937710766878792e-06 -3.113704493918488258e-06 2.773061253775693420e-06 8.686632889357211748e-06 1.647470292939660363e-05 1.179110515726713686e-05 -3.007030188711309871e-04 -2.992927522948076596e-04 1.848322973457979235e-06 -9.627731779880497877e-06 -1.485792407169297147e-05 2.838896928629211453e-07 8.723214319979709575e-07 3.480783433022344018e-06 1.246690985468598358e-05 2.254629095409555086e-05 3.806864271775943438e-05 6.542310392482283564e-05 6.860669854708818056e-04 9.449497751915077138e-04 1.183410327900987803e-03 1.018940312616125341e-03 9.278674587540989161e-04 9.782319932025590210e-04 1.081654895769262621e-03 1.214623280605883759e-03 1.357477102345644926e-03 1.410220451925782610e-03
-2.381725296196885930e-03 -2.022553211890449319e-04 -2.381018043042595553e-02 1.199254966048510603e-05 2.773188083452825053e-04 -2.178539985471419820e-05 -2.549977375072301977e-05 -1.505216620721723895e-05 -8.770837061354377860e-06 -1.398576819219666138e-05 -5.750755910047280961e-06 3.116122130591711942e-06 9.251062359990111817e-06 1.442120523616980472e-05 1.874358884155212748e-05 -3.325132535031940693e-04 -4.087476271268025772e-04 1.051425468520932949e-06 4.239219476728994595e-06 -1.156654601823628660e-05 -1.353289249802544249e-05 1.032176385795804220e-06 2.975399558911530919e-06 1.047741999600688718e-05 2.191071215482176253e-05 4.099084336742017670e-05 6.790888052692122066e-05 7.544492532471208917e-04 8.063596740290434987e-04 1.018940312616125341e-03 1.250331462154399744e-03 1.186729239134607814e-03 1.089117578117163856e-03 1.134530553226051255e-03 1.279245058546361587e-03 1.435991699932965280e-03 1.576846908108523078e-03
-2.676996403906168991e-03 -2.183244039244336063e-04 -2.396248021605447767e-02 1.059910553773138918e-05 2.953230697062517889e-04 -2.209814221209114714e-05 -2.871746361118871825e-05 -2.583100235784865128e-05 -1.183202403502619324e-05 -4.895549296106554270e-06 -9.102934840833137246e-06 2.489054161955979672e-06 9.853150064080045537e-06 1.657009947179967222e-05 2.222605011948777039e-05 -3.792151196286457147e-04 -7.515372296427293500e-04 -6.744304859755607445e-08 6.177552667268620701e-06 -1.641152627088251359e-06 -1.328232609049305731e-05 -1.271891453336196215e-05 1.367771955739384664e-06 8.375439654165496212e-06 2.125534364182533518e-05 4.164113967304635934e-05 7.212154704378568682e-05 8.202424155743646321e-04 8.469248615908968108e-04 9.278674587540989161e-04 1.186729239134607814e-03 1.483143757780728276e-03 1.425701956117081913e-03 1.290839806167480867e-03 1.390685457335230678e-03 1.590228343898345085e-03 1.673429522329038244e-03
-2.965085389301147425e-03 -2.327724963039017980e-04 -2.514383412095969397e-02 9.259789816714707934e-06 3.169352937270299088e-04 -2.321665057770585602e-05 -3.001937345573952673e-05 -3.195634186277085647e-05 -2.750984887901958465e-05 -9.532338127491320732e-06 4.334781784795962341e-06 -1.051650102853978058e-06 8.659335178341515810e-06 1.897874639413101442e-05 2.543561821195007973e-05 -4.226074752956643452e-04 -1.182657369791732110e-03 -3.306718193343135974e-07 4.607305747688708631e-06 1.397380618881113267e-06 8.585083575753270637e-07 -1.237132159414583177e-05 -1.587388736490421114e-05 7.310559746502674484e-06 2.212409164183634522e-05 4.229586005788143398e-05 7.718898536338154035e-05 8.810108909075783923e-04 9.317918713393474189e-04 9.782319932025590210e-04 1.089117578117163856e-03 1.425701956117081913e-03 1.835604586653936379e-03 1.737746710799395770e-03 1.576348422126387866e-03 1.723074398504413499e-03 1.737269751003210627e-03
-3.302908074510536428e-03 -2.453600902823677588e-04 -2.572281807074365892e-02 9.066886038486232410e-06 3.389623356020271777e-04 -2.527663332533959672e-05 -3.215546003579557638e-05 -3.611191787891255905e-05 -3.623440726225132672e-05 -2.662748145986924066e-05 -2.123646782118910258e-06 1.860458461092741680e-05 6.254858112290350739e-06 1.921020941229893079e-05 2.681526042612249024e-05 -4.513005431155213258e-04 -1.664973034399781348e-03 2.456477526121192756e-08 3.382299781589469443e-06 1.578219347682528740e-06 6.564809593687996356e-06 3.317670457616498847e-06 -1.081753849213025382e-05 -9.306580288676716259e-06 2.538052752868481538e-05 4.727764467881306773e-05 8.556184871077908091e-05 9.549246788798411304e-04 1.023653197712704084e-03 1.081654895769262621e-03 1.134530553226051255e-03 1.290839806167480867e-03 1.737746710799395770e-03 2.348588431619021318e-03 2.150613263102635168e-03 1.900949067618790426e-03 1.926863200367610104e-03
-3.740050873414807898e-03 -2.573826944498180816e-04 -2.702695135731802631e-02 9.808735169523211182e-06 3.716883227641234891e-04 -2.916885363888598048e-05 -3.405112412185558514e-05 -4.028124498173506223e-05 -3.873711456828610400e-05 -3.194380300533425322e-05 -1.763946271431366086e-05 9.647194510766166214e-06 4.051706863767378340e-05 1.873253649041680525e-05 1.918074395372582560e-05 -4.930786150193443556e-04 -2.559568600768483051e-03 4.733780025440587747e-06 3.762619578610761428e-06 2.774314803447935452e-06 5.247821581092430996e-06 5.358715999228742256e-06 2.836155464845514498e-06 -7.458570841025700717e-07 3.566690231983076935e-06 5.598987852813532614e-05 9.815839244054452948e-05 1.055001861379092258e-03 1.149235270550015087e-03 1.214623280605883759e-03 1.279245058546361587e-03 1.390685457335230678e-03 1.576348422126387866e-03 2.150613263102635168e-03 3.397827021241413975e-03 2.910726388260991265e-03 2.107408598469113093e-03
-4.462319489251679282e-03 -2.985758006367640605e-04 -2.756392173123665273e-02 3.159855008769725385e-06 4.094243173703304576e-04 -3.519841539345323401e-05 -4.232079462485059446e-05 -4.482817048815930083e-05 -4.095092133151760822e-05 -2.828413800500965413e-05 -2.236885562343231111e-05 -3.746500192595156582e-06 1.366838094909822501e-05 8.194468973219143240e-05 -3.782326078380499616e-06 -5.900436751227952897e-04 -3.042267596478290346e-03 2.945921738962633366e-06 7.423434488338785759e-06 -1.686239165111025670e-07 3.632254672184339612e-06 -2.875678501909067623e-06 3.639179906331119138e-06 1.118040355135834533e-05 2.385498883072963145e-05 2.831322879287792474e-05 1.182232357943529248e-04 1.156164345451431022e-03 1.280880713927778089e-03 1.357477102345644926e-03 1.435991699932965280e-03 1.590228343898345085e-03 1.723074398504413499e-03 1.900949067618790426e-03 2.910726388260991265e-03 6.378873846146384911e-03 3.833457220733178013e-03
-5.608699155767987894e-03 -4.847967595176954389e-04 -2.646636197462940571e-02 -2.968281567108372709e-05 4.416658446323594358e-04 -5.001387883549147164e-05 -4.647099777481521757e-05 -4.694846702880392042e-05 -4.044547324665479865e-05 -3.660072178481267255e-05 -2.150744158805390326e-05 -4.457097659632349210e-06 7.668312582762079808e-06 2.178022823922595526e-05 4.720203320001987464e-05 -2.869468788949180527e-04 3.196788811398981311e-03 -4.998599437725328139e-06 -5.802101199930157064e-06 -1.300340399831649914e-05 5.422163028353710239e-07 7.553515614385432041e-07 -1.476546365514388199e-06 9.981124053209704117e-06 2.688687583425116584e-05 5.025653594955266330e-05 1.123343955415923305e-04 1.196508431333609011e-03 1.292713603293916364e-03 1.410220451925782610e-03 1.576846908108523078e-03 1.673429522329038244e-03 1.737269751003210627e-03 1.926863200367610104e-03 2.107408598469113093e-03 3.833457220733178013e-03 3.076395858086347981e-02
