# As_1e9 ns H0 omegab omegam LSST_DZ_S1 LSST_DZ_S2 LSST_DZ_S3 LSST_DZ_S4 LSST_DZ_S5 LSST_DZ_S6 LSST_DZ_S7 LSST_DZ_S8 LSST_DZ_S9 LSST_DZ_S10 LSST_A1_1 LSST_A1_2 LSST_M1 LSST_M2 LSST_M3 LSST_M4 LSST_M5 LSST_M6 LSST_M7 LSST_M8 LSST_M9 LSST_M10
2.050980397734736282e-02 1.687785755299351081e-03 -1.564485634597458097e-01 -2.235586211224389669e-05 -7.305647887605992144e-04 3.508326359080930469e-05 2.435192260254000402e-05 9.459680780053378730e-06 2.160631428033954189e-05 2.409611522935278718e-05 1.786715614774621577e-05 2.594220545876543200e-05 2.251316514853028420e-05 6.652893647347777970e-06 -4.644815233294041041e-05 -1.427207887559632776e-03 -1.315045660288647646e-02 1.031909513369403258e-05 4.020762610575823886e-05 7.127861781335839220e-05 4.632529583964221356e-05 2.612975145562947918e-05 1.208813466483470343e-05 -3.504992397303739320e-05 -8.129850840001083111e-05 -1.362304190607400631e-04 -2.511757947356275337e-04
1.687785755299351081e-03 3.463333496389618183e-04 -1.896517880758568503e-02 2.282827427690953286e-05 -1.944362195049267064e-05 8.853742898772874160e-07 2.068462324351014153e-06 8.021290404378709376e-07 1.646849493615919498e-06 6.766629361307390408e-07 -5.893500917694983363e-07 8.929739378020271975e-07 1.106636565203590280e-08 -1.164209340719049454e-06 1.838017987203706283e-06 7.739212409880913044e-05 1.113826244412472708e-04 4.150527933612525320e-07 2.960525082430367807e-07 3.086604524405257531e-06 1.949693253652180355e-06 3.297356861447222890e-06 4.639382947942089604e-06 2.992684381663186290e-06 3.124109311015115173e-06 4.148716529553668073e-06 4.101433018787611411e-06
-1.564485634597458097e-01 -1.896517880758568503e-02 5.992921931023048820e+00 3.225220976867968891e-03 -9.669401891047852901e-03 1.129236693117513431e-04 3.950169356927618115e-04 5.225105842562530883e-04 4.068976788271921885e-05 2.645537653719194334e-04 3.769558713043005718e-04 8.965631978424703943e-05 7.747462027273356361e-05 7.498675578375317097e-05 -2.353078449970197317e-04 1.929985863594421399e-03 -3.813527007247220074e-02 3.935920905816761746e-04 4.098965343968864771e-04 5.596216626253896174e-04 1.248055418026374017e-03 8.388492132971748626e-04 3.074958210245759310e-04 2.109825539377096874e-04 -1.374921872049163002e-04 -8.217847043928023240e-04 -1.640506495274407115e-03
-2.235586211224389669e-05 2.282827427690953286e-05 3.225220976867968891e-03 2.157806105555779830e-05 1.883328638469831208e-05 -4.823972139366565307e-07 -5.207287650120119843e-07 -5.319281758504270842e-07 -7.823117259524218247e-07 -4.576042412153280042e-07 -5.880864550531364137e-07 -7.154473500913268672e-07 -1.912488053652767131e-07 -2.559118826287326160e-07 1.374213035460311657e-06 -1.857247738396591346e-06 7.742727943078080339e-05 -1.575016743051808474e-07 -1.267743935994669495e-06 -2.111291326412997695e-06 -1.797458752210219842e-06 -1.773551340682345535e-06 -1.096196262815256482e-06 -3.582813062038359663e-07 1.640356349570909256e-07 1.375076883202138349e-06 2.791058066790405385e-06
-7.305647887605992144e-04 -1.944362195049267064e-05 -9.669401891047852901e-03 1.883328638469831208e-05 1.173449431042845751e-04 -3.381559491822370378e-06 -4.510049845924950121e-06 -4.179197355805743037e-06 -3.391531333055986020e-06 -3.819937075036449068e-06 -4.057818299585414036e-06 -3.677904101933233716e-06 -2.339128584531083418e-06 -1.409338826997361836e-06 5.415410396894603037e-06 6.335884662325517037e-05 1.065402750198262251e-03 -2.559984081959575897e-06 -6.385226306944721895e-06 -1.113762710385531825e-05 -1.252394648310042827e-05 -1.026665450421015525e-05 -6.510496155220612583e-06 -2.298292989547038823e-06 2.377133588689569467e-06 1.021083206941647414e-05 2.252634880507918457e-05
3.508326359080930469e-05 8.853742898772874160e-07 1.129236693117513431e-04 -4.823972139366565307e-07 -3.381559491822370378e-06 1.533035984769446912e-05 4.725863024614895579e-06 2.446079574763192766e-06 8.674214913449039578e-07 2.772981274244859657e-07 -1.487433451226072561e-07 -9.014399418456297330e-07 -7.409480785752577578e-07 -1.210225092272846189e-08 2.769857030734877554e-07 2.198450739681354497e-05 -6.709163842737042452e-04 -6.275480472398231469e-06 1.352362602318361605e-06 1.577688720232264590e-06 2.053375370778829769e-06 1.410316444241207465e-06 1.011164649306002444e-06 1.023783112158788805e-06 3.798921383519069010e-07 -4.096602175279594708e-07 -1.280982277728577164e-06
2.435192260254000402e-05 2.068462324351014153e-06 3.950169356927618115e-04 -5.207287650120119843e-07 -4.510049845924950121e-06 4.725863024614895579e-06 1.135090942695624358e-05 2.653880593739953502e-06 1.613393848070732974e-06 1.178691674897362069e-06 6.234810205826254877e-07 1.701489104584499800e-07 -1.639228998531918916e-07 1.059816089684332494e-08 2.305457544015892916e-07 2.280608415817953497e-05 -2.571113302969308908e-04 1.491576168378871262e-06 -1.088885969252465215e-05 1.268809042017763349e-06 2.022420989580411660e-06 1.910165035042824556e-06 1.738194644428604588e-06 1.632264191766964870e-06 1.324281156229373566e-06 8.513726362775341166e-07 9.477076596366527128e-08
9.459680780053378730e-06 8.021290404378709376e-07 5.225105842562530883e-04 -5.319281758504270842e-07 -4.179197355805743037e-06 2.446079574763192766e-06 2.653880593739953502e-06 1.149424709685646863e-05 2.109927507890558004e-06 1.887288695986284196e-06 1.498710341303107429e-06 1.001156631408816807e-06 6.154651442155957779e-07 3.445013665549550492e-07 -5.719411473430748695e-07 2.419723257028705306e-05 1.763827359100305926e-05 7.127168878688882261e-07 1.267594047484999684e-06 -1.219565532097220631e-05 1.701723758378677879e-06 1.562944170434248623e-06 1.741964844077920637e-06 1.958199991126446579e-06 1.808761390051452452e-06 1.474552224853043651e-06 1.219370975443705487e-06
2.160631428033954189e-05 1.646849493615919498e-06 4.068976788271921885e-05 -7.823117259524218247e-07 -3.391531333055986020e-06 8.674214913449039578e-07 1.613393848070732974e-06 2.109927507890558004e-06 1.190611897269944341e-05 2.028494591267603654e-06 2.086281258827692460e-06 1.585205897616224500e-06 9.845581309717879989e-07 4.103149774436826616e-07 -5.596137037256965947e-07 1.896841301899670107e-05 1.344726243202831978e-04 1.143744511216997587e-07 8.344740897114362506e-07 1.306519834774698936e-06 -1.145311758195728679e-05 1.656648148466900131e-06 1.447181102058888635e-06 1.925985574665763068e-06 2.118465458043814028e-06 2.122257973102545943e-06 1.925397966451177449e-06
2.409611522935278718e-05 6.766629361307390408e-07 2.645537653719194334e-04 -4.576042412153280042e-07 -3.819937075036449068e-06 2.772981274244859657e-07 1.178691674897362069e-06 1.887288695986284196e-06 2.028494591267603654e-06 1.262575403175515793e-05 2.132151118447655665e-06 1.912384265807879367e-06 1.228759976757101836e-06 8.910530869803080751e-07 -4.869717359620017015e-07 1.521861376516858256e-05 1.719247285228179753e-04 6.195968098939447368e-08 5.209895762609542867e-07 8.281516925193703855e-07 1.374073746625013493e-06 -1.070840488837357603e-05 1.382918862728993982e-06 1.510555540666971811e-06 1.789274581722291651e-06 1.654040511560989981e-06 1.549642738966016278e-06
1.786715614774621577e-05 -5.893500917694983363e-07 3.769558713043005718e-04 -5.880864550531364137e-07 -4.057818299585414036e-06 -1.487433451226072561e-07 6.234810205826254877e-07 1.498710341303107429e-06 2.086281258827692460e-06 2.132151118447655665e-06 1.351233086257908311e-05 2.481761883700287041e-06 1.940653183936555445e-06 1.172013258164341316e-06 -4.329981672324294348e-07 1.032054982899517353e-05 2.047436338660861804e-04 -1.711567867865483824e-07 7.723684011894045577e-07 7.828404669465458557e-07 1.000919135549154837e-06 1.461573386940950192e-06 -9.455050830566089957e-06 1.244782648213800516e-06 1.595568394009986661e-06 1.844518117856371328e-06 1.772540091959348273e-06
2.594220545876543200e-05 8.929739378020271975e-07 8.965631978424703943e-05 -7.154473500913268672e-07 -3.677904101933233716e-06 -9.014399418456297330e-07 1.701489104584499800e-07 1.001156631408816807e-06 1.585205897616224500e-06 1.912384265807879367e-06 2.481761883700287041e-06 1.483551995228952099e-05 2.267475437369550354e-06 1.570377203757605779e-06 -7.318061170140109401e-08 4.034528913481428365e-06 2.102026886217713041e-04 -9.385467912300463163e-08 6.813926263606361214e-07 9.188321405850482078e-07 9.950683441054218835e-07 1.093884983560390720e-06 9.534646176661597902e-07 -8.525085009798586959e-06 1.346960923272821264e-06 1.735097155382363029e-06 1.899741091691548909e-06
2.251316514853028420e-05 1.106636565203590280e-08 7.747462027273356361e-05 -1.912488053652767131e-07 -2.339128584531083418e-06 -7.409480785752577578e-07 -1.639228998531918916e-07 6.154651442155957779e-07 9.845581309717879989e-07 1.228759976757101836e-06 1.940653183936555445e-06 2.267475437369550354e-06 1.634852124316365558e-05 2.177433535887708629e-06 7.483013098643475522e-07 -4.254778799979587857e-06 1.189663730286158894e-04 -2.196509454229956261e-07 7.138317307905708517e-07 6.221221515640868147e-07 8.342824701869570492e-07 8.391328468161920255e-07 6.242666809916891725e-07 6.773295280884052780e-07 -8.022022490396727015e-06 8.582724659742485776e-07 1.152706483710373608e-06
6.652893647347777970e-06 -1.164209340719049454e-06 7.498675578375317097e-05 -2.559118826287326160e-07 -1.409338826997361836e-06 -1.210225092272846189e-08 1.059816089684332494e-08 3.445013665549550492e-07 4.103149774436826616e-07 8.910530869803080751e-07 1.172013258164341316e-06 1.570377203757605779e-06 2.177433535887708629e-06 1.861539246240034385e-05 1.977686712413406084e-06 -1.645343887877056163e-05 -7.452371589456393045e-05 -3.484710801593036931e-08 2.190696826886796879e-07 3.724757504474309659e-07 9.917471400989750305e-07 6.721999460356418891e-07 5.704076763851022298e-07 5.802028306234003304e-07 4.003523720870912229e-07 -6.444197380914399475e-06 4.079219668483252554e-07
-4.644815233294039008e-05 1.838017987203706071e-06 -2.353078449970194606e-04 1.374213035460311234e-06 5.415410396894600496e-06 2.769857030734876495e-07 2.305457544015895034e-07 -5.719411473430748695e-07 -5.596137037256964888e-07 -4.869717359620021250e-07 -4.329981672324297524e-07 -7.318061170140086902e-08 7.483013098643475522e-07 1.977686712413406084e-06 2.351751408496062471e-05 -1.603482574458570760e-05 -1.996300623230494833e-04 2.554263178275434988e-07 -7.635127765389959136e-07 5.791948042629344816e-07 3.051844137125643006e-07 3.999586304896430614e-07 5.217209344338676819e-07 5.303790013572847352e-07 4.167018806895340093e-07 4.912913011958275142e-07 -4.317039075891026035e-06
-1.427207887559632776e-03 7.739212409880913044e-05 1.929985863594421399e-03 -1.857247738396591346e-06 6.335884662325517037e-05 2.198450739681354497e-05 2.280608415817953497e-05 2.419723257028705306e-05 1.896841301899670107e-05 1.521861376516858256e-05 1.032054982899517353e-05 4.034528913481428365e-06 -4.254778799979587857e-06 -1.645343887877056163e-05 -1.603482574458570760e-05 1.358807202579614612e-03 6.339228180223789588e-03 -1.315425488743691180e-06 -1.139735849806813992e-05 -2.329942182383944367e-05 -2.041517655564641868e-05 -1.965709304438976389e-05 -1.438314981463132336e-05 -4.715149741507896929e-06 5.345242273909033653e-06 1.883022135335024854e-05 4.239428907279220720e-05
-1.315045660288647646e-02 1.113826244412472708e-04 -3.813527007247220074e-02 7.742727943078080339e-05 1.065402750198262251e-03 -6.709163842737042452e-04 -2.571113302969308908e-04 1.763827359100305926e-05 1.344726243202831978e-04 1.719247285228179753e-04 2.047436338660861804e-04 2.102026886217713041e-04 1.189663730286158894e-04 -7.452371589456393045e-05 -1.996300623230494833e-04 6.339228180223789588e-03 1.538371587246698258e-01 -1.226877800476105563e-04 -2.218942721626436252e-05 -1.251907215159137055e-04 -1.653453126445453812e-04 -1.410914389861712612e-04 -1.294861129495493716e-04 -7.887451644181783566e-05 3.694870198579342072e-05 2.029723117875192179e-04 4.707961203629899166e-04
1.031909513369404444e-05 4.150527933612521085e-07 3.935920905816760662e-04 -1.575016743051806886e-07 -2.559984081959575050e-06 -6.275480472398231469e-06 1.491576168378871262e-06 7.127168878688882261e-07 1.143744511217000764e-07 6.195968098939438104e-08 -1.711567867865484618e-07 -9.385467912300464486e-08 -2.196509454229956261e-07 -3.484710801593036931e-08 2.554263178275434988e-07 -1.315425488743691180e-06 -1.226877800476105563e-04 9.486868741062574992e-05 8.169896067307413179e-07 1.297335293949067245e-06 1.687907272071261182e-06 1.130056140852170331e-06 7.958299737135695206e-07 1.748701598426824251e-07 1.598341198577855097e-07 -2.564896656379614906e-07 -9.012570822952795115e-07
4.020762610575823886e-05 2.960525082430367807e-07 4.098965343968864771e-04 -1.267743935994669495e-06 -6.385226306944721895e-06 1.352362602318361605e-06 -1.088885969252465215e-05 1.267594047484999684e-06 8.344740897114362506e-07 5.209895762609542867e-07 7.723684011894045577e-07 6.813926263606361214e-07 7.138317307905708517e-07 2.190696826886796879e-07 -7.635127765389959136e-07 -1.139735849806813992e-05 -2.218942721626436252e-05 8.169896067307413179e-07 8.115959128378225811e-05 3.002890168658754879e-06 3.809830307986465441e-06 3.644228627557571254e-06 2.726221185085759465e-06 2.401307338752803846e-06 1.750601408455118470e-06 1.231927976305220339e-06 3.452644678496122822e-07
7.127861781335839220e-05 3.086604524405257531e-06 5.596216626253896174e-04 -2.111291326412997695e-06 -1.113762710385531825e-05 1.577688720232264590e-06 1.268809042017763349e-06 -1.219565532097220631e-05 1.306519834774698936e-06 8.281516925193703855e-07 7.828404669465458557e-07 9.188321405850482078e-07 6.221221515640868147e-07 3.724757504474309659e-07 5.791948042629344816e-07 -2.329942182383944367e-05 -1.251907215159137055e-04 1.297335293949067245e-06 3.002890168658754879e-06 6.702200758017219043e-05 5.403477000609056095e-06 5.968828664945247407e-06 5.306122063647991212e-06 4.238877012566389144e-06 3.851247755223103589e-06 2.843087688277137488e-06 1.137924343599349548e-06
4.632529583964221356e-05 1.949693253652180355e-06 1.248055418026374234e-03 -1.797458752210219630e-06 -1.252394648310042827e-05 2.053375370778829769e-06 2.022420989580410813e-06 1.701723758378677879e-06 -1.145311758195728679e-05 1.374073746625013493e-06 1.000919135549154625e-06 9.950683441054218835e-07 8.342824701869570492e-07 9.917471400989750305e-07 3.051844137125643006e-07 -2.041517655564641868e-05 -1.653453126445453812e-04 1.687907272071261182e-06 3.809830307986465441e-06 5.403477000609056095e-06 5.501885998238296825e-05 7.214390224266131845e-06 7.278865872389182592e-06 6.306531622703625432e-06 5.605551724919569419e-06 4.353553654354430703e-06 2.767140400019220617e-06
2.612975145562947918e-05 3.297356861447222890e-06 8.388492132971748626e-04 -1.773551340682345535e-06 -1.026665450421015525e-05 1.410316444241207465e-06 1.910165035042824556e-06 1.562944170434248623e-06 1.656648148466900131e-06 -1.070840488837357603e-05 1.461573386940950192e-06 1.093884983560390720e-06 8.391328468161920255e-07 6.721999460356418891e-07 3.999586304896430614e-07 -1.965709304438976389e-05 -1.410914389861712612e-04 1.130056140852170331e-06 3.644228627557571254e-06 5.968828664945247407e-06 7.214390224266131845e-06 4.591251576339021805e-05 8.426009608975538437e-06 8.426834771432868110e-06 8.020877947061782039e-06 7.070780707481576903e-06 5.725730603154438912e-06
1.208813466483470343e-05 4.639382947942089604e-06 3.074958210245759310e-04 -1.096196262815256482e-06 -6.510496155220612583e-06 1.011164649306002444e-06 1.738194644428604588e-06 1.741964844077920637e-06 1.447181102058888635e-06 1.382918862728993982e-06 -9.455050830566089957e-06 9.534646176661597902e-07 6.242666809916891725e-07 5.704076763851022298e-07 5.217209344338676819e-07 -1.438314981463132336e-05 -1.294861129495493716e-04 7.958299737135695206e-07 2.726221185085759465e-06 5.306122063647991212e-06 7.278865872389182592e-06 8.426009608975538437e-06 3.754501394576000007e-05 9.598030880552667446e-06 9.597423591692080477e-06 8.878810502369607693e-06 7.871357293509843230e-06
-3.504992397303739998e-05 2.992684381663188832e-06 2.109825539377095790e-04 -3.582813062038358604e-07 -2.298292989547040094e-06 1.023783112158789017e-06 1.632264191766964023e-06 1.958199991126446579e-06 1.925985574665763068e-06 1.510555540666971811e-06 1.244782648213800728e-06 -8.525085009798586959e-06 6.773295280884052780e-07 5.802028306234003304e-07 5.303790013572847352e-07 -4.715149741507896929e-06 -7.887451644181783566e-05 1.748701598426824251e-07 2.401307338752803846e-06 4.238877012566389144e-06 6.306531622703625432e-06 8.426834771432868110e-06 9.598030880552667446e-06 3.195215982261053774e-05 1.107261196262265610e-05 1.091765890873493587e-05 1.054902773812361828e-05
-8.129850840001083111e-05 3.124109311015115173e-06 -1.374921872049163002e-04 1.640356349570909256e-07 2.377133588689569467e-06 3.798921383519069010e-07 1.324281156229373566e-06 1.808761390051452452e-06 2.118465458043814028e-06 1.789274581722291651e-06 1.595568394009986661e-06 1.346960923272821264e-06 -8.022022490396727015e-06 4.003523720870912229e-07 4.167018806895340093e-07 5.345242273909033653e-06 3.694870198579342072e-05 1.598341198577855097e-07 1.750601408455118470e-06 3.851247755223103589e-06 5.605551724919569419e-06 8.020877947061782039e-06 9.597423591692080477e-06 1.107261196262265610e-05 2.880215930986552094e-05 1.335351702844021876e-05 1.384984757458131780e-05
-1.362304190607400631e-04 4.148716529553668073e-06 -8.217847043928023240e-04 1.375076883202138349e-06 1.021083206941647414e-05 -4.096602175279594708e-07 8.513726362775341166e-07 1.474552224853043651e-06 2.122257973102545943e-06 1.654040511560989981e-06 1.844518117856371328e-06 1.735097155382363029e-06 8.582724659742485776e-07 -6.444197380914399475e-06 4.912913011958275142e-07 1.883022135335024854e-05 2.029723117875192179e-04 -2.564896656379614906e-07 1.231927976305220339e-06 2.843087688277137488e-06 4.353553654354430703e-06 7.070780707481576903e-06 8.878810502369607693e-06 1.091765890873493587e-05 1.335351702844021876e-05 2.628062698376937246e-05 1.755020908561087840e-05
-2.511757947356274795e-04 4.101433018787608870e-06 -1.640506495274406682e-03 2.791058066790405385e-06 2.252634880507918457e-05 -1.280982277728577376e-06 9.477076596366529775e-08 1.219370975443705487e-06 1.925397966451177025e-06 1.549642738966016066e-06 1.772540091959348697e-06 1.899741091691549545e-06 1.152706483710373608e-06 4.079219668483252554e-07 -4.317039075891026035e-06 4.239428907279220720e-05 4.707961203629899166e-04 -9.012570822952795115e-07 3.452644678496122822e-07 1.137924343599349548e-06 2.767140400019220617e-06 5.725730603154438912e-06 7.871357293509843230e-06 1.054902773812361828e-05 1.384984757458131780e-05 1.755020908561087840e-05 2.950531851015317472e-05
