# As_1e9 ns H0 omegab omegam LSST_DZ_S1 LSST_DZ_S2 LSST_DZ_S3 LSST_DZ_S4 LSST_DZ_S5 LSST_DZ_S6 LSST_DZ_S7 LSST_DZ_S8 LSST_DZ_S9 LSST_DZ_S10 LSST_A1_1 LSST_A1_2 LSST_M1 LSST_M2 LSST_M3 LSST_M4 LSST_M5 LSST_M6 LSST_M7 LSST_M8 LSST_M9 LSST_M10 LSST_B1_1 LSST_B1_2 LSST_B1_3 LSST_B1_4 LSST_B1_5 LSST_B1_6 LSST_B1_7 LSST_B1_8 LSST_B1_9 LSST_B1_10
1.594503072238734678e-02 1.807871314248718584e-03 -1.717213417208914017e-01 -5.308515289800114223e-05 -4.663230993767194599e-04 3.637213684742335702e-05 4.994187771200555567e-05 4.923330928765020661e-05 3.916088552778163381e-05 1.970757263344583170e-05 1.571420538845767127e-05 -1.003337784877740477e-06 -7.990029417175104615e-06 -3.488648551588579373e-05 -5.130183647103656269e-05 4.225748140524398198e-04 1.262179463155091528e-03 -4.264277169703559290e-07 -7.058169757129316431e-06 -8.898738515551328751e-06 -3.766795785137130548e-07 4.386065645173313977e-06 -6.879858303004859451e-06 -1.846392862022429814e-05 -4.713768199812636830e-05 -7.037355863441898188e-05 -1.247607823425197788e-04 -1.395397112060438663e-03 -1.517646133599420905e-03 -1.577547072782760178e-03 -1.661173712342595013e-03 -1.937522517713220717e-03 -2.246585599819188837e-03 -2.577086501731066983e-03 -2.942596852964708427e-03 -3.599399930926895554e-03 -4.615210399178668217e-03
1.807871314248718584e-03 3.330463205228804632e-04 -2.324672988136584559e-02 1.724511246079950694e-06 -4.146493782041003553e-05 7.179563407021641241e-07 2.551507202440394158e-06 2.062375848110101997e-06 1.593304925173070250e-06 3.018176677466056434e-07 1.114359972293614374e-06 1.471794559894660968e-07 1.177158555799717091e-06 -3.345437316182154782e-07 -1.984448792282980126e-06 8.807073837048141744e-05 1.948870818866018891e-04 -5.364227643227724952e-08 4.426926612046389448e-07 1.817068311316756089e-06 4.121041789985397354e-06 5.570362531747233608e-06 5.173006394135347784e-06 5.644714336771589256e-06 4.006665278812966706e-06 3.934121067486389643e-06 2.643035917909328509e-06 -1.081138357527395834e-04 -8.933153804230867983e-05 -8.077562642435948560e-05 -7.800951458892942884e-05 -9.309152941153938103e-05 -1.022997587093971248e-04 -1.109383526465669643e-04 -1.084673439729855421e-04 -1.397553956993778114e-04 -3.555939543314114984e-04
-1.717213417208913739e-01 -2.324672988136583171e-02 4.994995702040240459e+00 2.103512507924387969e-03 -5.847834390604727921e-03 3.545049361328729402e-04 4.549294864550616378e-04 4.494817737024307922e-04 6.061568157447089255e-04 7.067706045287686350e-04 5.418255656103323440e-04 2.530037325677324581e-04 4.634716611958336884e-05 1.192319029057859356e-05 -3.112944642681082834e-05 6.983475163910428905e-03 1.509938682222140491e-02 3.475590814325923018e-05 2.092304360320196277e-04 5.636205201876479760e-04 3.726593491786232013e-04 3.185809580474618409e-04 3.286422115236449829e-04 4.380292533498090580e-04 3.791976445137490740e-04 1.140435677978740044e-04 -2.645494801103545667e-04 -1.264340550691545398e-02 -1.430007185692476653e-02 -1.617163274501575224e-02 -1.658675692114059547e-02 -1.522570149267717804e-02 -1.407684613953263768e-02 -1.482230466775553805e-02 -1.789138194995786371e-02 -2.117014783621152391e-02 -1.072793599166957206e-02
-5.308515289800114223e-05 1.724511246079950694e-06 2.103512507924387102e-03 5.892859848950628444e-06 3.208641327006164455e-06 -2.884653288286050916e-07 -3.765042588019914447e-07 -3.541087296019613622e-07 -2.490656868954841458e-07 -2.953073533871780673e-07 -2.528306142309327056e-07 -4.842115739047239456e-07 -4.044306991497089146e-07 -4.561372004586843959e-07 3.743489960427402482e-07 -3.369815177715809554e-06 4.323911071786064619e-06 -1.266715990689255447e-07 -2.088334946955160708e-08 3.727295705246178812e-08 -1.500344737276714736e-07 -5.227807032944725352e-08 5.502664304337671177e-08 1.934861055136511289e-07 3.003417101199878390e-07 4.325047052822551571e-07 3.810000591695198132e-07 8.548858077517084683e-06 8.832005765831090036e-06 9.275462789803056666e-06 9.859827211507224241e-06 1.001736121794994770e-05 1.097930481671236886e-05 1.114962507368258377e-05 1.144486370368073205e-05 4.731611265332406472e-06 -3.240208208501909243e-05
-4.663230993767194599e-04 -4.146493782041003553e-05 -5.847834390604727921e-03 3.208641327006164455e-06 6.417310997102490490e-05 -4.096653196616352139e-06 -5.966285590616468443e-06 -5.985662742428114889e-06 -5.939159974173252646e-06 -5.254692275375877533e-06 -4.414958072756734606e-06 -2.512509010545797061e-06 -1.066374830072772237e-06 7.415414468709167477e-07 3.698641648732385271e-06 -6.959273774130407542e-05 -1.300320684667315835e-04 -3.976701490863257843e-07 -9.764978881213318093e-07 -2.908109661449441982e-06 -3.711902378410743993e-06 -4.227377733985116233e-06 -3.703886240540332774e-06 -3.627422343688690344e-06 -1.744028599182773650e-06 7.901559678814780823e-07 5.443616085364938715e-06 1.608161320479956796e-04 1.728824729386475162e-04 1.834460098858756247e-04 1.902356257396456429e-04 2.025761823984314211e-04 2.179118789583919043e-04 2.413379951565479842e-04 2.750741610830168145e-04 3.192703449454718421e-04 3.059256266877015927e-04
3.637213684742335702e-05 7.179563407021641241e-07 3.545049361328730486e-04 -2.884653288286050916e-07 -4.096653196616352139e-06 6.844125884795667725e-06 2.894708734120457533e-06 1.812166326848492194e-06 1.483644696871923014e-06 1.105410065371314701e-06 1.013362433929489594e-06 8.998104614744279051e-07 4.087971906785665962e-07 -3.238712362391568124e-08 -1.035873928126184806e-07 6.348514052007341251e-06 -1.583243373768341764e-04 -2.096918717928978108e-06 7.094386487091685390e-07 1.298056022534116359e-06 1.007713437878048795e-06 8.418525214028797573e-07 3.613659695345265485e-07 -6.541264018330737872e-09 -1.294862071569248000e-07 -2.983408330336427863e-07 -1.001720328492173283e-06 6.689594655562192775e-06 -7.930745515108595742e-06 -1.646655700941807623e-05 -1.817554916941500532e-05 -1.887488269534517770e-05 -1.826243832926772792e-05 -1.753604343261534604e-05 -2.010555270098658944e-05 -2.599777841428737899e-05 -3.067610238949782940e-05
4.994187771200555567e-05 2.551507202440394158e-06 4.549294864550614209e-04 -3.765042588019914447e-07 -5.966285590616468443e-06 2.894708734120457533e-06 6.246492121722385210e-06 3.281844126937815235e-06 1.689670679536459360e-06 1.466361830826465376e-06 1.185597117702034406e-06 1.024464673877080555e-06 8.120633684321331498e-07 2.192068011605910459e-07 -1.751472440766792308e-07 9.558149315708183361e-06 -7.872003078911804584e-05 5.586378755518881275e-07 -3.966253890267795249e-06 -7.586440576458024518e-07 1.364904448459456176e-06 1.211746754458327793e-06 1.129192227521876898e-06 8.740679766280104577e-07 5.288104979015105972e-07 4.802811247355028594e-07 -2.083402360790678594e-07 -1.034840193444372532e-05 -1.106577557815125142e-06 -7.516297750887477952e-06 -1.981902135965039126e-05 -2.311568684051043575e-05 -2.356317506500242299e-05 -2.458209456172123897e-05 -2.797823363759462475e-05 -3.734066168367682911e-05 -3.858100769654237337e-05
4.923330928765019983e-05 2.062375848110103267e-06 4.494817737024307922e-04 -3.541087296019610445e-07 -5.985662742428114889e-06 1.812166326848493041e-06 3.281844126937814388e-06 6.164567152624631406e-06 3.376268611423698514e-06 1.949709516442918132e-06 1.747951670249875621e-06 1.369262607879242593e-06 1.116488734957639384e-06 4.073932162192886938e-07 2.081949292283544177e-07 1.116902455119364437e-05 9.601351440172433164e-06 4.795966968953837175e-07 -4.703250851205387326e-07 -4.420068116886955517e-06 -5.734815555530013416e-07 1.212433356756315622e-06 1.200763650520086560e-06 1.147379226368950233e-06 1.001024827747982595e-06 9.422846697702315572e-07 2.248864226035843641e-07 -3.458702400313787000e-06 -1.294058621320972715e-05 -4.968761283209951542e-06 -9.269592283477519278e-06 -1.929865356139298007e-05 -2.423493805500513844e-05 -2.571627644146912088e-05 -2.895186727155752568e-05 -3.976996183087624139e-05 -3.789905101888865551e-05
3.916088552778163381e-05 1.593304925173070250e-06 6.061568157447087086e-04 -2.490656868954841458e-07 -5.939159974173252646e-06 1.483644696871923014e-06 1.689670679536459360e-06 3.376268611423697667e-06 6.188361411033101839e-06 3.787193274443793474e-06 1.997757602572815665e-06 1.590101368353792021e-06 1.333156485597311345e-06 5.565945620078414751e-07 8.269176895977651900e-09 9.353048499809703278e-06 3.290042536614496294e-05 5.683783559037856236e-08 9.212609003094445493e-07 -7.046538312017706864e-07 -4.078731968568539036e-06 -7.884597826317360822e-07 1.224929191785606781e-06 1.278887028257903008e-06 1.149705104696581543e-06 1.115097204405484143e-06 5.317841211988051257e-07 -5.381600846414165401e-06 -7.902780176665077610e-06 -1.335599662114736598e-05 -4.509824745596925168e-06 -7.978414800660544277e-06 -2.160207248180789986e-05 -2.878827993728554720e-05 -3.041133647674806929e-05 -3.982980093349028057e-05 -3.010740888386834437e-05
1.970757263344583170e-05 3.018176677466056434e-07 7.067706045287686350e-04 -2.953073533871780673e-07 -5.254692275375877533e-06 1.105410065371314701e-06 1.466361830826465376e-06 1.949709516442918132e-06 3.787193274443793474e-06 6.902728574768543161e-06 3.960401138692739880e-06 1.719298890505193101e-06 1.483380492862153356e-06 6.557443232914103357e-07 2.228815546764232471e-07 1.068238486602544100e-05 6.119536718576360542e-05 -7.727752995623960244e-09 5.666983916312852900e-07 7.233047472261945231e-07 -1.034066026253581949e-06 -4.280039589992108549e-06 -6.483508348478814228e-07 1.428417594144148950e-06 1.360699700171920502e-06 1.341776133054066262e-06 8.645770099135055316e-07 -4.880202128920817539e-06 -4.104934360316021632e-06 -6.185168468456544886e-06 -1.113859044495566664e-05 -2.151707871169442954e-06 -4.957096432034747111e-06 -2.039646197458505730e-05 -2.619145531920240964e-05 -2.986763170423571820e-05 -1.965652300278897136e-05
1.571420538845767127e-05 1.114359972293614374e-06 5.418255656103323440e-04 -2.528306142309327056e-07 -4.414958072756734606e-06 1.013362433929489594e-06 1.185597117702034406e-06 1.747951670249876044e-06 1.997757602572815665e-06 3.960401138692739880e-06 8.621602384447832177e-06 4.029141152840854142e-06 1.587425229348648263e-06 1.244214640489278675e-06 6.570786770142615699e-07 7.475782842439260146e-06 5.834403147048655176e-05 -2.323858422467888028e-07 6.238934024797267076e-07 5.783562468506895222e-07 8.640352140921914395e-07 -8.292022089846821566e-07 -5.106414646084506692e-06 -1.789585926955971778e-07 1.720985075920112497e-06 1.565164670901167690e-06 1.249557996654132162e-06 -2.855108570697027596e-06 -2.409120486761528708e-06 -2.406296720247949103e-06 -4.554013411391526989e-06 -7.845168586550842516e-06 7.984404857156556561e-06 2.030770528131545410e-06 -1.676869454063760421e-05 -2.497877271888374246e-05 -1.648309494801775856e-05
-1.003337784877740477e-06 1.471794559894660968e-07 2.530037325677322955e-04 -4.842115739047239456e-07 -2.512509010545797061e-06 8.998104614744279051e-07 1.024464673877080555e-06 1.369262607879242805e-06 1.590101368353792021e-06 1.719298890505193101e-06 4.029141152840854142e-06 1.081378076914256552e-05 3.641666422834578349e-06 1.333174993832235943e-06 6.097362224944844534e-07 5.856535997776182653e-06 3.302716359183604193e-05 -3.084280131909238815e-07 5.201206981045478131e-07 7.058866723218785827e-07 9.437945622215134501e-07 1.248144998674364781e-06 -4.966475780098662853e-07 -5.722812575912845774e-06 6.582224706349144969e-07 2.092376709635603544e-06 1.814333967496886691e-06 -4.808903069885051959e-08 1.579040844033748097e-06 2.587746935769809714e-06 3.826658315721059472e-06 2.631719528065992594e-06 1.285491381963565396e-06 2.217259522930414291e-05 1.225980975722086686e-05 -7.357535102173122449e-06 -6.111493601983129788e-06
-7.990029417175114780e-06 1.177158555799718785e-06 4.634716611958336884e-05 -4.044306991497090204e-07 -1.066374830072772237e-06 4.087971906785667550e-07 8.120633684321331498e-07 1.116488734957639384e-06 1.333156485597311345e-06 1.483380492862153356e-06 1.587425229348649110e-06 3.641666422834577925e-06 1.447736167734134949e-05 2.836255056468701314e-06 9.223279446146087815e-07 1.161568895616168353e-06 4.084159741733931024e-05 -3.481683998291845761e-07 7.645923351059516118e-08 2.607224864792417518e-07 6.974682123708105735e-07 9.906495445100042884e-07 1.384370957139634684e-06 -1.729155676096587159e-07 -6.861402093217273202e-06 1.148768652469078498e-06 1.723722256551077263e-06 3.109995670826679214e-06 4.456753921704552977e-06 5.876102296694818817e-06 7.771417794579447405e-06 7.244440540492548532e-06 6.838236230707199186e-06 6.008077670407354041e-06 3.999456486160722629e-05 1.877447200095326237e-05 1.094828469952418331e-05
-3.488648551588579373e-05 -3.345437316182154782e-07 1.192319029057870029e-05 -4.561372004586843959e-07 7.415414468709167477e-07 -3.238712362391568124e-08 2.192068011605910459e-07 4.073932162192886938e-07 5.565945620078414751e-07 6.557443232914103357e-07 1.244214640489278675e-06 1.333174993832235943e-06 2.836255056468701314e-06 1.863551790743295705e-05 1.292254499639391405e-06 -2.279286936403357910e-06 -1.927406368093551168e-06 -1.479141430251864878e-08 -2.390588684803683666e-07 1.125909427764004780e-07 5.050541162463098105e-07 1.039619098321452178e-06 8.569292625486679812e-07 1.212954266829789668e-06 7.577863182201830339e-07 -6.670043073302192933e-06 2.049947933975367097e-06 3.976264324990542477e-06 7.819562587709175347e-06 1.060526034901278594e-05 1.402481511981679415e-05 1.418879063851215818e-05 1.642050914930086081e-05 1.846404954834989100e-05 2.139950774063316091e-05 8.857209224684479791e-05 -4.599846983069941476e-06
-5.130183647103656269e-05 -1.984448792282980126e-06 -3.112944642681082834e-05 3.743489960427402482e-07 3.698641648732385271e-06 -1.035873928126184806e-07 -1.751472440766792308e-07 2.081949292283544177e-07 8.269176895977651900e-09 2.228815546764232471e-07 6.570786770142615699e-07 6.097362224944844534e-07 9.223279446146087815e-07 1.292254499639391405e-06 2.255049779903828725e-05 -1.429015974436014028e-05 -1.027775088491762506e-04 -1.120847030237989081e-07 7.166210430767248753e-09 -3.830256478896479108e-07 9.628959122842586921e-08 1.539134925065616959e-07 -4.139212201656604888e-08 4.845548227860107909e-07 6.689182392994747998e-07 1.003596311423864259e-06 -4.205554172950898888e-06 9.675845446155300600e-06 1.240034721376743022e-05 1.475371492589395827e-05 1.630228632130149079e-05 1.989649672839840787e-05 2.453481466091323487e-05 2.831229264436202353e-05 3.183901014572963870e-05 7.021701207236522808e-06 3.927336029269461306e-05
4.225748140524398198e-04 8.807073837048141744e-05 6.983475163910426303e-03 -3.369815177715809554e-06 -6.959273774130407542e-05 6.348514052007341251e-06 9.558149315708183361e-06 1.116902455119364098e-05 9.353048499809703278e-06 1.068238486602544100e-05 7.475782842439260146e-06 5.856535997776182653e-06 1.161568895616169624e-06 -2.279286936403357910e-06 -1.429015974436014028e-05 7.439763328208018767e-04 3.421077884071531058e-03 5.298003149386609787e-06 7.969656736313524039e-06 4.265525068805105614e-06 6.083867660649895661e-06 1.255556098944652311e-06 -6.432416910045055546e-07 -3.455743714941437495e-06 -5.823249086819374749e-06 -9.355441648850221733e-06 -1.108241982543260535e-05 -1.512723814223568991e-04 -1.459784228979069641e-04 -1.657674606339880254e-04 -2.006074726753130871e-04 -2.201060483855348600e-04 -2.503757161974024914e-04 -2.925350166787916658e-04 -3.705425877614730817e-04 -4.026925409971309497e-04 -7.588092011519548665e-05
1.262179463155091528e-03 1.948870818866018891e-04 1.509938682222139450e-02 4.323911071786064619e-06 -1.300320684667315835e-04 -1.583243373768341764e-04 -7.872003078911804584e-05 9.601351440172421306e-06 3.290042536614496294e-05 6.119536718576360542e-05 5.834403147048655176e-05 3.302716359183604193e-05 4.084159741733937800e-05 -1.927406368093551168e-06 -1.027775088491762506e-04 3.421077884071531058e-03 8.758402558447479780e-02 -2.292273254675608130e-04 -7.005319109045278915e-05 -2.446626241464095331e-05 5.238834278844252233e-05 6.141678869827737856e-05 6.557345271451782778e-05 6.641462136176850715e-05 3.401080478317258614e-05 -3.487540816534782194e-06 -1.799397366360392419e-05 -6.061909996596843986e-04 -6.748354451343934694e-04 -4.053186526578496374e-04 -4.221282311292294922e-04 -6.281470470325404209e-04 -1.102270994959198393e-03 -1.666865557607588588e-03 -2.505011222983816871e-03 -3.200160477084883822e-03 2.697902360873717913e-03
-4.264277169703578878e-07 -5.364227643227713702e-08 3.475590814325923018e-05 -1.266715990689256241e-07 -3.976701490863257843e-07 -2.096918717928977684e-06 5.586378755518880217e-07 4.795966968953837175e-07 5.683783559037864177e-08 -7.727752995623960244e-09 -2.323858422467888028e-07 -3.084280131909238285e-07 -3.481683998291845761e-07 -1.479141430251871495e-08 -1.120847030237989081e-07 5.298003149386609787e-06 -2.292273254675608130e-04 9.394409465211255744e-05 1.828009794543792256e-06 9.069324741500997539e-07 6.143802882273990829e-07 7.089173488516672096e-07 5.828563196275868348e-07 5.689339085770184724e-07 5.009428041270090880e-07 1.664019412140903380e-07 1.680916433115386611e-07 -1.380936791956895591e-05 -2.843183231402620588e-06 2.287061497511613059e-06 1.173857970035828751e-06 1.341542988391486631e-06 1.662006944606611456e-06 4.235565366222157354e-07 -6.366668475346124616e-07 3.961921745694761544e-06 -8.863664429213188002e-06
-7.058169757129316431e-06 4.426926612046389448e-07 2.092304360320197090e-04 -2.088334946955160708e-08 -9.764978881213318093e-07 7.094386487091685390e-07 -3.966253890267795249e-06 -4.703250851205386268e-07 9.212609003094445493e-07 5.666983916312852900e-07 6.238934024797267076e-07 5.201206981045478131e-07 7.645923351059512148e-08 -2.390588684803683666e-07 7.166210430767248753e-09 7.969656736313524039e-06 -7.005319109045278915e-05 1.828009794543792256e-06 7.899366009072361140e-05 4.374260070526881583e-06 1.867953427136017065e-06 2.451389886379989455e-06 2.220839630979234416e-06 2.209933086316949738e-06 2.390856856296675023e-06 2.375131019048211743e-06 1.979893788298345127e-06 2.868093618439350534e-06 -1.814607426386178924e-05 -1.246783162129629606e-05 3.874435267846356003e-06 5.940788191473292348e-06 4.298239770269789992e-06 3.884338689514243306e-06 3.113916802654420322e-06 3.845107452439356169e-06 7.021188481545480102e-08
-8.898738515551328751e-06 1.817068311316756089e-06 5.636205201876479760e-04 3.727295705246178812e-08 -2.908109661449441982e-06 1.298056022534116359e-06 -7.586440576458024518e-07 -4.420068116886955517e-06 -7.046538312017706864e-07 7.233047472261945231e-07 5.783562468506895222e-07 7.058866723218785827e-07 2.607224864792417518e-07 1.125909427764004780e-07 -3.830256478896479108e-07 4.265525068805105614e-06 -2.446626241464095331e-05 9.069324741500997539e-07 4.374260070526881583e-06 6.513198171817629885e-05 5.763352406185022589e-06 4.027279044227672471e-06 4.197113227645396576e-06 4.147896624718460289e-06 4.472966168870009013e-06 4.128925134266806364e-06 3.883708586555709722e-06 -7.101201056596867166e-06 -2.686326090581892999e-06 -1.824596452547963606e-05 -1.293904716839222805e-05 -1.047047338086416367e-07 5.010870453956482341e-06 3.191872180767818612e-06 6.976005491738003407e-07 2.917880195192696917e-06 6.709904217245031400e-08
-3.766795785137130548e-07 4.121041789985397354e-06 3.726593491786232555e-04 -1.500344737276714736e-07 -3.711902378410743993e-06 1.007713437878048795e-06 1.364904448459456176e-06 -5.734815555530013416e-07 -4.078731968568539036e-06 -1.034066026253581949e-06 8.640352140921914395e-07 9.437945622215134501e-07 6.974682123708107852e-07 5.050541162463098105e-07 9.628959122842586921e-08 6.083867660649895661e-06 5.238834278844252233e-05 6.143802882273995064e-07 1.867953427136017065e-06 5.763352406185022589e-06 5.328243752428251951e-05 7.772272658498360120e-06 5.610215021511479413e-06 5.933019957738767804e-06 6.235192729701792443e-06 6.306721384401766964e-06 6.083486219080005178e-06 -1.065348305595782633e-06 -3.923920391639475772e-06 -6.117273638519705693e-07 -1.467838836488438083e-05 -1.327413668944348622e-05 1.995600700045301440e-06 8.639518313258406752e-06 7.632338976079435281e-06 8.818642459143923298e-06 -1.102729351278437754e-05
4.386065645173313977e-06 5.570362531747233608e-06 3.185809580474617867e-04 -5.227807032944725352e-08 -4.227377733985116233e-06 8.418525214028797573e-07 1.211746754458327793e-06 1.212433356756315410e-06 -7.884597826317360822e-07 -4.280039589992108549e-06 -8.292022089846821566e-07 1.248144998674364781e-06 9.906495445100045001e-07 1.039619098321452178e-06 1.539134925065616959e-07 1.255556098944652311e-06 6.141678869827737856e-05 7.089173488516669979e-07 2.451389886379989455e-06 4.027279044227672471e-06 7.772272658498360120e-06 4.549638696690495035e-05 8.972320755067161727e-06 7.309066672172570522e-06 7.840264600235183402e-06 7.966593789572812287e-06 7.987668664279019880e-06 2.540492356399221322e-06 -1.517578851897088705e-06 -6.070202472838687337e-07 3.395706418610447897e-06 -1.143618669505927748e-05 -1.101548306456966376e-05 4.647892847002126048e-06 8.344057181080608604e-06 3.600502586592938671e-06 -1.526384952401715829e-05
-6.879858303004859451e-06 5.173006394135347784e-06 3.286422115236449829e-04 5.502664304337645369e-08 -3.703886240540332774e-06 3.613659695345268132e-07 1.129192227521876898e-06 1.200763650520086560e-06 1.224929191785607204e-06 -6.483508348478814228e-07 -5.106414646084505845e-06 -4.966475780098666029e-07 1.384370957139634684e-06 8.569292625486677695e-07 -4.139212201656604888e-08 -6.432416910045044958e-07 6.557345271451781423e-05 5.828563196275868348e-07 2.220839630979233993e-06 4.197113227645396576e-06 5.610215021511478566e-06 8.972320755067163421e-06 4.012444340205080463e-05 9.676752205166501680e-06 8.646664658353332236e-06 9.308485079276647404e-06 9.458536382641343063e-06 7.028732890721278011e-06 4.923582338359700010e-06 5.047730469873741018e-06 7.448884895828481129e-06 6.502758114349649395e-06 -1.295317158638542114e-05 -8.586127896327020172e-06 9.883203470471538767e-06 1.217245277218303717e-05 -1.331752100390676151e-05
-1.846392862022429814e-05 5.644714336771589256e-06 4.380292533498090580e-04 1.934861055136511289e-07 -3.627422343688690344e-06 -6.541264018330737872e-09 8.740679766280104577e-07 1.147379226368950233e-06 1.278887028257903008e-06 1.428417594144148950e-06 -1.789585926955971778e-07 -5.722812575912845774e-06 -1.729155676096586629e-07 1.212954266829789668e-06 4.845548227860107909e-07 -3.455743714941437495e-06 6.641462136176850715e-05 5.689339085770184724e-07 2.209933086316949738e-06 4.147896624718460289e-06 5.933019957738767804e-06 7.309066672172570522e-06 9.676752205166501680e-06 3.548507962926407590e-05 1.077140416286632028e-05 1.026830971455334110e-05 1.070359798510008551e-05 1.091086730518596809e-05 1.066585844562352441e-05 1.102401964630345055e-05 1.177209417923779992e-05 1.017079324611309537e-05 8.883425500821198555e-06 -1.038409887588015921e-05 -4.048215134698651938e-07 1.522347604823916182e-05 -9.849239689286934052e-06
-4.713768199812636830e-05 4.006665278812966706e-06 3.791976445137490740e-04 3.003417101199878390e-07 -1.744028599182773650e-06 -1.294862071569248000e-07 5.288104979015105972e-07 1.001024827747982595e-06 1.149705104696581543e-06 1.360699700171920502e-06 1.720985075920112497e-06 6.582224706349144969e-07 -6.861402093217273202e-06 7.577863182201830339e-07 6.689182392994747998e-07 -5.823249086819374749e-06 3.401080478317258614e-05 5.009428041270090880e-07 2.390856856296675023e-06 4.472966168870009013e-06 6.235192729701792443e-06 7.840264600235183402e-06 8.646664658353332236e-06 1.077140416286632028e-05 3.255478335513563483e-05 1.204288055808390488e-05 1.253715840590068465e-05 1.766348325426453684e-05 1.834198408290333392e-05 2.055629513440223937e-05 2.292155522954239603e-05 2.240065912534226013e-05 2.255814317314632904e-05 2.437667404131790001e-05 4.587634919284884347e-06 2.053765241648675772e-05 -1.399800006944800398e-06
-7.037355863441898188e-05 3.934121067486389643e-06 1.140435677978739095e-04 4.325047052822551571e-07 7.901559678814780823e-07 -2.983408330336427863e-07 4.802811247355028594e-07 9.422846697702315572e-07 1.115097204405484143e-06 1.341776133054066262e-06 1.565164670901167690e-06 2.092376709635603544e-06 1.148768652469078498e-06 -6.670043073302192933e-06 1.003596311423864259e-06 -9.355441648850221733e-06 -3.487540816534782194e-06 1.664019412140902586e-07 2.375131019048211743e-06 4.128925134266806364e-06 6.306721384401766964e-06 7.966593789572812287e-06 9.308485079276647404e-06 1.026830971455334110e-05 1.204288055808390488e-05 2.910767816724120968e-05 1.392330740363769471e-05 2.766151879520179700e-05 2.943767735436635195e-05 3.253359612421771247e-05 3.561732158367685762e-05 3.596293046070183285e-05 3.637807182327327046e-05 3.923960670593474025e-05 4.590908981513107813e-05 1.642355984133722762e-05 2.365004669659204694e-05
-1.247607823425197788e-04 2.643035917909328509e-06 -2.645494801103547293e-04 3.810000591695198132e-07 5.443616085364938715e-06 -1.001720328492173283e-06 -2.083402360790678594e-07 2.248864226035845494e-07 5.317841211988051257e-07 8.645770099135055316e-07 1.249557996654132162e-06 1.814333967496886691e-06 1.723722256551077263e-06 2.049947933975367097e-06 -4.205554172950898888e-06 -1.108241982543260535e-05 -1.799397366360392419e-05 1.680916433115386875e-07 1.979893788298345127e-06 3.883708586555709722e-06 6.083486219080005178e-06 7.987668664279019880e-06 9.458536382641343063e-06 1.070359798510008551e-05 1.253715840590068465e-05 1.392330740363769471e-05 2.575536103124088317e-05 4.037121939099285058e-05 4.521704106187081324e-05 5.045868407334687476e-05 5.633350959407383855e-05 5.858210512073070585e-05 6.187465400673038813e-05 6.699753703197879181e-05 7.742053268840342500e-05 9.827717282930258081e-05 5.652401476174225334e-05
-1.395397112060438663e-03 -1.081138357527395834e-04 -1.264340550691545398e-02 8.548858077517084683e-06 1.608161320479956796e-04 6.689594655562192775e-06 -1.034840193444372532e-05 -3.458702400313787847e-06 -5.381600846414165401e-06 -4.880202128920817539e-06 -2.855108570697027596e-06 -4.808903069885051959e-08 3.109995670826680908e-06 3.976264324990542477e-06 9.675845446155300600e-06 -1.512723814223568991e-04 -6.061909996596843986e-04 -1.380936791956895252e-05 2.868093618439350534e-06 -7.101201056596867166e-06 -1.065348305595782633e-06 2.540492356399221322e-06 7.028732890721281399e-06 1.091086730518596809e-05 1.766348325426453684e-05 2.766151879520179700e-05 4.037121939099285058e-05 8.077777347708992636e-04 5.127058684146252763e-04 4.619230643105512847e-04 5.106581477471947841e-04 5.558008382529257968e-04 6.111935186118901955e-04 6.874684731372743664e-04 7.825172066979104585e-04 8.735865515790795918e-04 8.567689607345561941e-04
-1.517646133599420905e-03 -8.933153804230867983e-05 -1.430007185692477173e-02 8.832005765831090036e-06 1.728824729386475162e-04 -7.930745515108595742e-06 -1.106577557815125142e-06 -1.294058621320973223e-05 -7.902780176665077610e-06 -4.104934360316021632e-06 -2.409120486761528708e-06 1.579040844033748097e-06 4.456753921704549588e-06 7.819562587709175347e-06 1.240034721376743022e-05 -1.459784228979069641e-04 -6.748354451343934694e-04 -2.843183231402620164e-06 -1.814607426386178924e-05 -2.686326090581892999e-06 -3.923920391639475772e-06 -1.517578851897088705e-06 4.923582338359700010e-06 1.066585844562352441e-05 1.834198408290333392e-05 2.943767735436635195e-05 4.521704106187081324e-05 5.127058684146252763e-04 8.672895235497570790e-04 7.204495189127328378e-04 5.673818565630978430e-04 5.827943328644203573e-04 6.528180919293790361e-04 7.462973907816354991e-04 8.714013656945920677e-04 9.946950247789558813e-04 8.541983167584230085e-04
-1.577547072782760178e-03 -8.077562642435948560e-05 -1.617163274501574530e-02 9.275462789803056666e-06 1.834460098858756247e-04 -1.646655700941807623e-05 -7.516297750887477952e-06 -4.968761283209952389e-06 -1.335599662114736598e-05 -6.185168468456544886e-06 -2.406296720247949103e-06 2.587746935769809714e-06 5.876102296694819664e-06 1.060526034901278594e-05 1.475371492589395827e-05 -1.657674606339880254e-04 -4.053186526578496374e-04 2.287061497511612212e-06 -1.246783162129629606e-05 -1.824596452547963606e-05 -6.117273638519705693e-07 -6.070202472838687337e-07 5.047730469873739324e-06 1.102401964630345055e-05 2.055629513440223937e-05 3.253359612421771247e-05 5.045868407334687476e-05 4.619230643105512847e-04 7.204495189127328378e-04 9.469207648155865886e-04 7.625832515369224216e-04 6.552669755517042489e-04 6.798657805084851917e-04 7.742465176846603575e-04 9.060861071925702072e-04 1.092967316799448680e-03 8.965213332578862975e-04
-1.661173712342595013e-03 -7.800951458892942884e-05 -1.658675692114060241e-02 9.859827211507224241e-06 1.902356257396456429e-04 -1.817554916941500532e-05 -1.981902135965039126e-05 -9.269592283477515890e-06 -4.509824745596925168e-06 -1.113859044495566664e-05 -4.554013411391526989e-06 3.826658315721059472e-06 7.771417794579447405e-06 1.402481511981679415e-05 1.630228632130149079e-05 -2.006074726753130871e-04 -4.221282311292294922e-04 1.173857970035827904e-06 3.874435267846356003e-06 -1.293904716839222805e-05 -1.467838836488438083e-05 3.395706418610447897e-06 7.448884895828482823e-06 1.177209417923779992e-05 2.292155522954239603e-05 3.561732158367685762e-05 5.633350959407383855e-05 5.106581477471947841e-04 5.673818565630978430e-04 7.625832515369224216e-04 9.810881420904123216e-04 8.978513430024259072e-04 7.715314323723397507e-04 7.982841220293833591e-04 9.502284536160081558e-04 1.146850228946941956e-03 9.102202652737721288e-04
-1.937522517713220717e-03 -9.309152941153938103e-05 -1.522570149267717804e-02 1.001736121794994770e-05 2.025761823984314211e-04 -1.887488269534517770e-05 -2.311568684051043575e-05 -1.929865356139298346e-05 -7.978414800660544277e-06 -2.151707871169442954e-06 -7.845168586550842516e-06 2.631719528065992594e-06 7.244440540492549379e-06 1.418879063851215818e-05 1.989649672839840787e-05 -2.201060483855348600e-04 -6.281470470325404209e-04 1.341542988391487690e-06 5.940788191473292348e-06 -1.047047338086416367e-07 -1.327413668944348622e-05 -1.143618669505927748e-05 6.502758114349649395e-06 1.017079324611309537e-05 2.240065912534226013e-05 3.596293046070183285e-05 5.858210512073070585e-05 5.558008382529257968e-04 5.827943328644203573e-04 6.552669755517042489e-04 8.978513430024259072e-04 1.171902024901648508e-03 1.096180946150143460e-03 9.287704178718407403e-04 1.015376665768632624e-03 1.211545572238779652e-03 1.031248900078069819e-03
-2.246585599819188837e-03 -1.022997587093971248e-04 -1.407684613953263768e-02 1.097930481671236886e-05 2.179118789583919043e-04 -1.826243832926772792e-05 -2.356317506500242299e-05 -2.423493805500512489e-05 -2.160207248180789986e-05 -4.957096432034747111e-06 7.984404857156556561e-06 1.285491381963565396e-06 6.838236230707196645e-06 1.642050914930086081e-05 2.453481466091323487e-05 -2.503757161974024914e-04 -1.102270994959198393e-03 1.662006944606611880e-06 4.298239770269789992e-06 5.010870453956482341e-06 1.995600700045301440e-06 -1.101548306456966376e-05 -1.295317158638541775e-05 8.883425500821198555e-06 2.255814317314632904e-05 3.637807182327327046e-05 6.187465400673038813e-05 6.111935186118901955e-04 6.528180919293790361e-04 6.798657805084851917e-04 7.715314323723397507e-04 1.096180946150143460e-03 1.488199372869472223e-03 1.371584956665967709e-03 1.180961634723152846e-03 1.293609676555668078e-03 1.192200822054632946e-03
-2.577086501731066983e-03 -1.109383526465669643e-04 -1.482230466775553285e-02 1.114962507368258377e-05 2.413379951565479842e-04 -1.753604343261534604e-05 -2.458209456172123897e-05 -2.571627644146911410e-05 -2.878827993728554720e-05 -2.039646197458505730e-05 2.030770528131545410e-06 2.217259522930414291e-05 6.008077670407361664e-06 1.846404954834989100e-05 2.831229264436202353e-05 -2.925350166787916658e-04 -1.666865557607588588e-03 4.235565366222139354e-07 3.884338689514243306e-06 3.191872180767818612e-06 8.639518313258406752e-06 4.647892847002126048e-06 -8.586127896327020172e-06 -1.038409887588015921e-05 2.437667404131790001e-05 3.923960670593474025e-05 6.699753703197879181e-05 6.874684731372743664e-04 7.462973907816354991e-04 7.742465176846603575e-04 7.982841220293833591e-04 9.287704178718407403e-04 1.371584956665967709e-03 1.986866233548911440e-03 1.815981099312898115e-03 1.527177330994480961e-03 1.415296708572774589e-03
-2.942596852964708427e-03 -1.084673439729855421e-04 -1.789138194995786371e-02 1.144486370368073205e-05 2.750741610830168145e-04 -2.010555270098658944e-05 -2.797823363759462475e-05 -2.895186727155752568e-05 -3.041133647674806929e-05 -2.619145531920240964e-05 -1.676869454063760421e-05 1.225980975722086686e-05 3.999456486160723985e-05 2.139950774063316091e-05 3.183901014572963870e-05 -3.705425877614730817e-04 -2.505011222983816871e-03 -6.366668475346105557e-07 3.113916802654420322e-06 6.976005491738003407e-07 7.632338976079435281e-06 8.344057181080608604e-06 9.883203470471540461e-06 -4.048215134698651938e-07 4.587634919284884347e-06 4.590908981513107813e-05 7.742053268840342500e-05 7.825172066979104585e-04 8.714013656945920677e-04 9.060861071925702072e-04 9.502284536160081558e-04 1.015376665768632624e-03 1.180961634723152846e-03 1.815981099312898115e-03 3.099950180274910639e-03 2.632450125976324579e-03 1.672077282955083954e-03
-3.599399930926895554e-03 -1.397553956993778114e-04 -2.117014783621152391e-02 4.731611265332406472e-06 3.192703449454718421e-04 -2.599777841428737899e-05 -3.734066168367682911e-05 -3.976996183087624817e-05 -3.982980093349028057e-05 -2.986763170423571820e-05 -2.497877271888374246e-05 -7.357535102173122449e-06 1.877447200095327254e-05 8.857209224684479791e-05 7.021701207236522808e-06 -4.026925409971309497e-04 -3.200160477084883822e-03 3.961921745694763238e-06 3.845107452439356169e-06 2.917880195192696917e-06 8.818642459143923298e-06 3.600502586592938671e-06 1.217245277218303887e-05 1.522347604823916182e-05 2.053765241648675772e-05 1.642355984133722762e-05 9.827717282930258081e-05 8.735865515790795918e-04 9.946950247789558813e-04 1.092967316799448680e-03 1.146850228946941956e-03 1.211545572238779652e-03 1.293609676555668078e-03 1.527177330994480961e-03 2.632450125976324579e-03 6.356869021785721899e-03 3.234993220163829251e-03
-4.615210399178668217e-03 -3.555939543314114984e-04 -1.072793599166958073e-02 -3.240208208501909243e-05 3.059256266877015927e-04 -3.067610238949782940e-05 -3.858100769654237337e-05 -3.789905101888862841e-05 -3.010740888386834437e-05 -1.965652300278897136e-05 -1.648309494801775856e-05 -6.111493601983129788e-06 1.094828469952417484e-05 -4.599846983069941476e-06 3.927336029269461306e-05 -7.588092011519548665e-05 2.697902360873717913e-03 -8.863664429213204943e-06 7.021188481545480102e-08 6.709904217245031400e-08 -1.102729351278437754e-05 -1.526384952401715829e-05 -1.331752100390676320e-05 -9.849239689286934052e-06 -1.399800006944800398e-06 2.365004669659204694e-05 5.652401476174225334e-05 8.567689607345561941e-04 8.541983167584230085e-04 8.965213332578862975e-04 9.102202652737721288e-04 1.031248900078069819e-03 1.192200822054632946e-03 1.415296708572774589e-03 1.672077282955083954e-03 3.234993220163829251e-03 2.996860046480976855e-02
