# As_1e9 ns H0 omegab omegam LSST_DZ_S1 LSST_DZ_S2 LSST_DZ_S3 LSST_DZ_S4 LSST_DZ_S5 LSST_DZ_S6 LSST_DZ_S7 LSST_DZ_S8 LSST_DZ_S9 LSST_DZ_S10 LSST_A1_1 LSST_A1_2 LSST_M1 LSST_M2 LSST_M3 LSST_M4 LSST_M5 LSST_M6 LSST_M7 LSST_M8 LSST_M9 LSST_M10 LSST_B1_1 LSST_B1_2 LSST_B1_3 LSST_B1_4 LSST_B1_5 LSST_B1_6 LSST_B1_7 LSST_B1_8 LSST_B1_9 LSST_B1_10
1.519488591112569918e-02 1.763206430325019560e-03 -1.781389128020236523e-01 -3.011756191736119273e-05 -3.667714324892240693e-04 2.907122270357299354e-05 3.536606111392615509e-05 3.532046840800914437e-05 1.879168344250831281e-05 1.685649864250561201e-05 1.256962869104011622e-05 -4.909843869157840126e-06 7.112727728408506516e-07 -2.286636664424489656e-05 -3.342547886131682321e-05 3.679128034506077725e-04 1.056489932696963148e-03 -3.907007598422100088e-06 -5.712671305162003465e-06 -6.348197980987833890e-06 1.250249703933320423e-05 -4.850381375392020888e-07 -9.374325145250982875e-06 -1.571880357715426155e-05 -4.966369312027288927e-05 -6.635998393559844972e-05 -1.081810577653428561e-04 -1.075669273391640507e-03 -1.290597132067753099e-03 -1.367514149821120800e-03 -1.474048538854902694e-03 -1.678680386315563626e-03 -1.861055354589546441e-03 -2.108230632728600850e-03 -2.451304751897578123e-03 -3.286332164440710496e-03 -4.169077631243701607e-03
1.763206430325019560e-03 3.177836787305585490e-04 -2.629310852535353057e-02 1.750715231833201860e-06 -2.532448691747350437e-05 -3.797315197286525530e-07 7.276512283051305318e-07 6.894118252719475841e-07 -8.202476701782717633e-07 -8.994000166839385254e-07 -7.229069179679014181e-08 -4.699295534397107838e-07 1.500167147854743481e-06 -4.481398858976771475e-07 -3.427771497571430951e-07 7.570247595861235408e-05 1.638721270452353810e-04 -1.685492794453711303e-07 -1.322731178594437424e-06 -6.065034179203611374e-08 3.351992542554358603e-06 3.744905399335008863e-06 3.463292244401809744e-06 3.776534211066896840e-06 1.465870075668846852e-06 2.571300676745932967e-06 2.110271917109758981e-06 -5.885070486449828529e-05 -6.337562894454463385e-05 -6.191988285898440659e-05 -5.738471580368006698e-05 -5.885401525698179715e-05 -5.578480549003211626e-05 -5.411403022635939686e-05 -5.606822983230084096e-05 -1.205697525014865282e-04 -2.916453671850185460e-04
-1.781389128020236801e-01 -2.629310852535353057e-02 5.175720718143004717e+00 2.079429046268146692e-03 -5.781833819420198473e-03 4.563932068565373034e-04 5.194938144081513720e-04 6.791966871947913804e-04 9.506233163139779898e-04 8.398178851892273370e-04 4.411565725572603406e-04 2.076478783827497953e-04 -5.634636758667976907e-05 6.347868513440963248e-05 -3.125819011522270392e-04 4.485628351437471323e-03 1.318993884674304375e-02 5.058543861368765141e-05 4.589817029667116579e-04 5.240152586316798372e-04 -2.924826269519358247e-05 -3.072357664535638736e-05 2.173179827829690666e-04 1.267241582918403710e-04 3.336731209032986457e-05 -5.393362593418853839e-04 -9.859723252340656975e-04 -1.409066613322760252e-02 -1.406366051763788608e-02 -1.506444831688974126e-02 -1.549520187191239309e-02 -1.610585353069555331e-02 -1.835749750950130613e-02 -2.057565701146250176e-02 -2.367415473358711747e-02 -2.191135234345564439e-02 -2.386351426929860658e-02
-3.011756191736119273e-05 1.750715231833201860e-06 2.079429046268146258e-03 5.437038984046566226e-06 1.512647589539886384e-06 -2.777543919023324353e-08 -1.335195686146030716e-07 -1.913052026883428297e-07 -1.924875303114075721e-07 -2.544825453562751406e-07 -3.708533513946635618e-07 -3.183918160326309954e-07 -3.335728704807609952e-07 -4.995103053548336941e-07 -2.348290478773223770e-09 -8.710971987392229230e-07 -2.114838209889290222e-05 2.005469636420868940e-07 -4.130361811670453808e-08 -1.638071051682177946e-07 -4.451803282329868862e-07 -4.957194583392561115e-07 -3.955332096529679476e-07 -5.125774813942324493e-07 -5.211860531726704186e-07 -4.858708961067063157e-07 -6.897072984073559772e-07 2.821969801114051163e-06 3.040974674658892120e-06 3.534554618456290639e-06 3.288471196116188842e-06 2.097441871200347834e-06 1.084862649059237575e-08 -6.753286847328189091e-07 -2.696795687460809091e-06 -6.322507637132254551e-06 -3.455427480921096549e-05
-3.667714324892240693e-04 -2.532448691747350437e-05 -5.781833819420198473e-03 1.512647589539886384e-06 5.417353918367042673e-05 -3.603965766246237393e-06 -4.921503655901232509e-06 -5.872088769280770553e-06 -5.961555960048121778e-06 -5.509245138911465646e-06 -3.865973439840108263e-06 -1.720939842233819646e-06 -1.141699814383903045e-06 -3.019342078304696601e-07 3.244473392351414552e-06 -5.129742608932762600e-05 -1.515601025190927353e-04 2.988028694700136923e-07 -1.807597060282301247e-06 -2.999631483687858946e-06 -3.124804699139939929e-06 -3.003978643173746029e-06 -3.686654555242157191e-06 -3.441899257695487087e-06 -1.039060579759271199e-06 2.178355523792298411e-06 6.089318022624629015e-06 1.358650287798403961e-04 1.483193811341220662e-04 1.567555510363873223e-04 1.642074012481814450e-04 1.771585820545469353e-04 1.933621437360711238e-04 2.160174473604594835e-04 2.486189124825799847e-04 2.884903603554950886e-04 3.306908232607315792e-04
2.907122270357299354e-05 -3.797315197286525530e-07 4.563932068565374660e-04 -2.777543919023324353e-08 -3.603965766246237393e-06 6.640002852412292151e-06 2.719315558028267032e-06 1.658526986784242542e-06 1.482716392091998121e-06 1.360437329927839596e-06 1.004514517543285146e-06 6.597750705921299286e-07 4.178458431566275699e-07 -1.135061568346296395e-07 4.157444994830782594e-08 3.414949311900601381e-06 -1.865757578614550105e-04 -2.375354741798241934e-06 8.459593929068386656e-07 1.532780447310825594e-06 8.604986299375014252e-07 3.235789337800604182e-07 2.792260493174433921e-07 9.949355748680669452e-08 -1.064704038894190906e-07 -3.111788955606086234e-07 -1.108862697184195342e-06 9.219330454590633230e-06 -6.610699160050154938e-06 -1.555255456024640388e-05 -1.574896185243920734e-05 -1.565308548463715805e-05 -1.715606331552513837e-05 -1.762171143371191220e-05 -1.894974838171552015e-05 -2.209598590052363573e-05 -4.078775485977320051e-05
3.536606111392615509e-05 7.276512283051305318e-07 5.194938144081511552e-04 -1.335195686146030716e-07 -4.921503655901232509e-06 2.719315558028267032e-06 5.956480973298961093e-06 3.130353996418976919e-06 1.639823954481989513e-06 1.652092558921187010e-06 1.384308181225399019e-06 1.023531502204651792e-06 7.386627005886001496e-07 4.354322810818007159e-07 3.134743509380017620e-07 7.360655840752985608e-06 -8.835277659828303320e-05 8.013846108267033496e-07 -4.718371156417089593e-06 -6.934138533871848621e-07 1.482616848314909828e-06 1.069353027421601172e-06 1.139386083756165231e-06 1.095129155749506942e-06 9.293384051048138885e-07 6.113162317612014944e-07 -4.578272955530463918e-08 -6.970814586833945019e-06 2.235995803333921967e-06 -4.412221264411164118e-06 -1.637935821204406251e-05 -1.944291244570126191e-05 -2.065010401811300165e-05 -2.240016370569542867e-05 -2.470764738316806152e-05 -2.392070127521219109e-05 -3.849038703606586778e-05
3.532046840800916469e-05 6.894118252719455724e-07 6.791966871947913804e-04 -1.913052026883428032e-07 -5.872088769280770553e-06 1.658526986784242542e-06 3.130353996418977342e-06 5.925016557017688427e-06 3.351641503276136248e-06 1.937735497298513479e-06 1.919271905539567645e-06 1.384340506054214982e-06 8.581405253447752638e-07 5.045855822713568598e-07 3.104301410020866025e-07 7.503642615965360630e-06 -2.216463447191017051e-05 7.705641268904142402e-07 -5.147969976860831774e-07 -4.895692435395832226e-06 -6.368486561248498871e-07 1.174915908694852117e-06 1.126113283624097172e-06 1.360344263418149748e-06 1.321711119140978659e-06 1.019267623789687018e-06 3.587960456280382002e-07 -3.360175978958811576e-06 -1.330894619766829072e-05 -4.201580966119915643e-06 -8.400964203412801897e-06 -1.928116557999407269e-05 -2.310769152535497830e-05 -2.610862329637476720e-05 -3.018537359843149808e-05 -3.103449320662499686e-05 -2.932693869639526214e-05
1.879168344250831281e-05 -8.202476701782717633e-07 9.506233163139777729e-04 -1.924875303114075721e-07 -5.961555960048121778e-06 1.482716392091998121e-06 1.639823954481989513e-06 3.351641503276136248e-06 6.369140957587825572e-06 3.907850593081597354e-06 1.982124257520682429e-06 1.707183190551020498e-06 1.158952034042692265e-06 9.047837175300649761e-07 3.740555621604854636e-08 1.029560328620469780e-05 2.834511890931103788e-05 2.079085683178956543e-07 1.210540652214619271e-06 -6.810720247466759344e-07 -4.896453417604127981e-06 -1.135674619069817674e-06 1.288273471116291508e-06 1.294526582772974661e-06 1.318808117977934994e-06 1.033896652589608509e-06 6.051695341717812089e-07 -4.658692373767028290e-06 -8.803045690530013687e-06 -1.254952581429088776e-05 -4.039913435096123617e-06 -7.866559126057140372e-06 -2.051857841053663918e-05 -2.688079446811584365e-05 -2.807771052839182874e-05 -3.067129029764751816e-05 -2.763617023744913172e-05
1.685649864250561201e-05 -8.994000166839385254e-07 8.398178851892273370e-04 -2.544825453562751406e-07 -5.509245138911465646e-06 1.360437329927839596e-06 1.652092558921187010e-06 1.937735497298513479e-06 3.907850593081597354e-06 6.984377702379258366e-06 3.959215587690499603e-06 1.809425454183176589e-06 1.415174488687502987e-06 1.006408268922518764e-06 -1.002397822191898719e-07 1.015466459311838148e-05 6.043678410792651903e-05 -1.387302644629195764e-07 5.790386897857159522e-07 1.187474026508613716e-06 -1.223631869477146480e-06 -4.782581204142942489e-06 -6.212527429850531295e-07 1.560498110529680252e-06 1.508947527211103902e-06 1.352732422264046072e-06 1.037453421635539128e-06 -4.196517964741950800e-06 -4.838069287947356772e-06 -7.105787757558497275e-06 -1.153152343359077099e-05 -2.845495012848486265e-06 -6.246992994912108230e-06 -2.141514305054521589e-05 -2.880752206100234224e-05 -2.842064074213440468e-05 -1.929861368255376267e-05
1.256962869104011622e-05 -7.229069179679014181e-08 4.411565725572605032e-04 -3.708533513946635618e-07 -3.865973439840108263e-06 1.004514517543285146e-06 1.384308181225399019e-06 1.919271905539568069e-06 1.982124257520682429e-06 3.959215587690499603e-06 8.503526158195348037e-06 3.750763238564167986e-06 1.336513542236183099e-06 1.335187140637809544e-06 3.825064299288558719e-07 6.651472184917094931e-06 5.385830210839564428e-05 -1.965432094931213322e-07 4.342109793836652934e-07 4.384561758011407733e-07 1.025247264733138436e-06 -1.049362704803788616e-06 -5.342360204315800075e-06 8.575698969045258533e-08 1.927273875129656974e-06 1.732084844071229943e-06 1.577257293935139307e-06 -1.346961350667171601e-06 -1.642610084909150006e-06 1.050801534227398507e-06 -1.154116677778706959e-06 -6.578303322492853066e-06 6.544285373231705389e-06 1.417123399469233192e-06 -1.429096005083027586e-05 -1.517100464406573527e-05 -9.281439939978387764e-07
-4.909843869157840126e-06 -4.699295534397107838e-07 2.076478783827496598e-04 -3.183918160326309954e-07 -1.720939842233819646e-06 6.597750705921299286e-07 1.023531502204651792e-06 1.384340506054215194e-06 1.707183190551020498e-06 1.809425454183176589e-06 3.750763238564167986e-06 1.016896978132546471e-05 3.250777252282759007e-06 1.593066308454658710e-06 6.417737365043909232e-07 5.784675654070736415e-06 4.604725513189362692e-05 -2.623274251755053559e-07 3.579962116601028569e-07 6.929051271518881818e-07 8.569320678572072604e-07 1.087507781489154035e-06 -3.959140919731199093e-07 -5.550086176327144726e-06 8.250390973500145425e-07 1.939746490372352416e-06 2.050375210187247600e-06 2.719273651431310638e-06 2.531499886125944945e-06 4.632603021077806082e-06 6.558529716590773910e-06 5.095651653976757776e-06 1.901811715620447592e-06 2.325408136768439469e-05 1.374304052219400591e-05 -1.421973163004891211e-08 1.350631687760162621e-05
7.112727728408230171e-07 1.500167147854744116e-06 -5.634636758667976907e-05 -3.335728704807607305e-07 -1.141699814383903045e-06 4.178458431566277288e-07 7.386627005886007849e-07 8.581405253447752638e-07 1.158952034042691630e-06 1.415174488687502987e-06 1.336513542236182887e-06 3.250777252282759007e-06 1.358009707652647988e-05 2.606061426149930300e-06 9.950996767037635706e-07 3.188946247223157840e-06 6.421965624166115351e-05 -3.192582891412055294e-07 -1.313800187554745768e-07 7.285142741178215377e-07 1.001869198587047579e-06 1.121556515114513458e-06 1.604711737597604590e-06 2.347641211087722248e-07 -6.294281295070583723e-06 1.291930731887941098e-06 1.742607603945802070e-06 2.332188570422633152e-06 2.709029936372408608e-06 4.192959312030154504e-06 5.816641836422693224e-06 6.417972137355411047e-06 6.991070620221851917e-06 5.844890567423617186e-06 3.601337625730526937e-05 1.655764125777789699e-05 -4.243301749399580154e-06
-2.286636664424489656e-05 -4.481398858976771475e-07 6.347868513440944275e-05 -4.995103053548336941e-07 -3.019342078304696601e-07 -1.135061568346296660e-07 4.354322810818007159e-07 5.045855822713572833e-07 9.047837175300649761e-07 1.006408268922518764e-06 1.335187140637809544e-06 1.593066308454658710e-06 2.606061426149930723e-06 1.706773295583500369e-05 1.399577483707075647e-06 -3.975005048727158886e-06 -2.891096427862721525e-05 4.496459984587489491e-08 -2.769504128990024559e-07 3.272302723322184252e-07 3.160190245589466658e-07 7.198688671729765350e-07 9.267003604283983369e-07 1.100572042926821661e-06 8.214119169450905733e-07 -6.007056763514185013e-06 1.779105454367097648e-06 1.386874089214292917e-06 4.046523916685325111e-06 5.525096754289396138e-06 9.283925436594905656e-06 1.250118166871386311e-05 1.366488858209719164e-05 1.412289572436508314e-05 1.749441430216583566e-05 7.778803800059736005e-05 1.824465103784492483e-05
-3.342547886131682321e-05 -3.427771497571430951e-07 -3.125819011522270392e-04 -2.348290478773223770e-09 3.244473392351414552e-06 4.157444994830782594e-08 3.134743509380017620e-07 3.104301410020866025e-07 3.740555621604854636e-08 -1.002397822191898719e-07 3.825064299288558719e-07 6.417737365043909232e-07 9.950996767037635706e-07 1.399577483707075647e-06 2.254990396690705293e-05 -1.181270070251629009e-05 -1.213155756605846031e-04 1.572020067227946038e-07 -4.102362476522861935e-07 -6.104425262943716995e-07 -2.085791574621047717e-07 3.904163071212140365e-07 -1.391590512845099052e-07 1.121435555065197355e-07 2.319167634072730670e-07 4.232523425490786859e-07 -4.750579047317379649e-06 9.458786209224380109e-06 1.131011847507259044e-05 1.428632992067390876e-05 1.486595782434247146e-05 1.591770137722522976e-05 2.088936817909777739e-05 2.561359737958393752e-05 2.187980765320698335e-05 6.266954367440937874e-06 1.731078313111960977e-05
3.679128034506077725e-04 7.570247595861235408e-05 4.485628351437471323e-03 -8.710971987392229230e-07 -5.129742608932762600e-05 3.414949311900601381e-06 7.360655840752985608e-06 7.503642615965358089e-06 1.029560328620469780e-05 1.015466459311838148e-05 6.651472184917094931e-06 5.784675654070736415e-06 3.188946247223159958e-06 -3.975005048727158886e-06 -1.181270070251629009e-05 6.855514057914456486e-04 3.601676974985092497e-03 4.940454484806965772e-06 6.567608122606128355e-06 8.847629031364494121e-06 5.993419871153509321e-07 -3.335987571126678257e-06 -1.560258054706569690e-06 -6.007721127372422782e-06 -8.394371081231114703e-06 -8.565064127256925795e-06 -9.809108910611495270e-06 -1.032358360768427920e-04 -1.137566851475717880e-04 -1.396167028309896281e-04 -1.536366028232826831e-04 -1.729142523842796045e-04 -2.125236353271058639e-04 -2.361623282185667660e-04 -2.649858551311561777e-04 -3.592339851819126469e-04 1.850692497956469488e-04
1.056489932696963148e-03 1.638721270452353810e-04 1.318993884674305589e-02 -2.114838209889290222e-05 -1.515601025190927353e-04 -1.865757578614550105e-04 -8.835277659828303320e-05 -2.216463447191013663e-05 2.834511890931103788e-05 6.043678410792651903e-05 5.385830210839564428e-05 4.604725513189362692e-05 6.421965624166115351e-05 -2.891096427862721525e-05 -1.213155756605846031e-04 3.601676974985092497e-03 7.945100497136357853e-02 -2.345621722858692545e-04 -7.444774570989941612e-05 1.969768936917246541e-05 3.468239237729651823e-05 2.496523078042831207e-05 4.347063692088668028e-05 3.156756119072652979e-05 -2.065226936282536083e-05 1.218343738610077912e-06 6.772109519085924126e-07 -8.750439303693563617e-04 -7.189601015830452942e-04 -4.846147035434410265e-04 -5.094529446350028971e-04 -6.446843287023492708e-04 -8.930819019314156174e-04 -1.400502949934874985e-03 -2.225526164124781280e-03 -2.971517553337773079e-03 3.574682696845674513e-03
-3.907007598422108558e-06 -1.685492794453706274e-07 5.058543861368765141e-05 2.005469636420868940e-07 2.988028694700136923e-07 -2.375354741798241934e-06 8.013846108267030320e-07 7.705641268904142402e-07 2.079085683178955749e-07 -1.387302644629195764e-07 -1.965432094931211469e-07 -2.623274251755053030e-07 -3.192582891412055294e-07 4.496459984587492138e-08 1.572020067227946038e-07 4.940454484806964078e-06 -2.345621722858691461e-04 9.404063570506088546e-05 2.037851642476084742e-06 9.610564131930514770e-07 8.916756389095273628e-07 9.445891974406175547e-07 7.893635738157541510e-07 5.206902385380654000e-07 5.254959033422670102e-07 1.975830173754499068e-07 1.412744370770757054e-07 -1.234728516843391287e-05 -7.513205748784556442e-07 5.039115542447732731e-06 3.064204734085567953e-06 1.486255825287895717e-06 8.364113099399919482e-07 1.136335323731564514e-06 5.123708742853039591e-06 1.043874489505547093e-05 7.760888089998510374e-06
-5.712671305162003465e-06 -1.322731178594437424e-06 4.589817029667116579e-04 -4.130361811670453808e-08 -1.807597060282301247e-06 8.459593929068386656e-07 -4.718371156417089593e-06 -5.147969976860829657e-07 1.210540652214619271e-06 5.790386897857159522e-07 4.342109793836652934e-07 3.579962116601028569e-07 -1.313800187554747092e-07 -2.769504128990024559e-07 -4.102362476522861935e-07 6.567608122606128355e-06 -7.444774570989941612e-05 2.037851642476085166e-06 7.672110744459992890e-05 4.927228063842290268e-06 1.483589910453957253e-06 2.320617842392841590e-06 2.282655696776047759e-06 2.178502142583176169e-06 2.143910336410302481e-06 1.874079010068986035e-06 1.404459435985936166e-06 1.181332092792475948e-06 -2.479161810429566910e-05 -1.698920743127035795e-05 6.324054318976977787e-07 1.117965723580968882e-06 -1.598574440282211115e-06 -1.800179691606170084e-06 -2.050368813004776993e-06 -8.050547952590163142e-06 4.056743482028323537e-06
-6.348197980987833890e-06 -6.065034179203611374e-08 5.240152586316798372e-04 -1.638071051682177946e-07 -2.999631483687858946e-06 1.532780447310825594e-06 -6.934138533871848621e-07 -4.895692435395832226e-06 -6.810720247466759344e-07 1.187474026508613716e-06 4.384561758011407733e-07 6.929051271518881818e-07 7.285142741178215377e-07 3.272302723322184252e-07 -6.104425262943716995e-07 8.847629031364494121e-06 1.969768936917246541e-05 9.610564131930514770e-07 4.927228063842290268e-06 6.054405879221503526e-05 6.133116671686527620e-06 3.917494830924619749e-06 4.850119150667257572e-06 4.487786704626399170e-06 4.424135331612916501e-06 4.368291088736387606e-06 4.188158827322900629e-06 -6.025109035391904335e-06 -1.229380488609303235e-07 -1.829362427240944770e-05 -1.400937638298555010e-05 6.561890101193101065e-07 1.693460800269923210e-06 1.097209218762597353e-06 -1.110366442622348796e-06 -7.501709436184398679e-06 -1.169901421996486216e-05
1.250249703933320423e-05 3.351992542554358603e-06 -2.924826269519356553e-05 -4.451803282329868862e-07 -3.124804699139939929e-06 8.604986299375014252e-07 1.482616848314909828e-06 -6.368486561248502048e-07 -4.896453417604127981e-06 -1.223631869477146480e-06 1.025247264733138436e-06 8.569320678572072604e-07 1.001869198587046732e-06 3.160190245589466658e-07 -2.085791574621047717e-07 5.993419871153509321e-07 3.468239237729651823e-05 8.916756389095276804e-07 1.483589910453957253e-06 6.133116671686527620e-06 4.894872278402507464e-05 8.602437810609278997e-06 6.103758991662534676e-06 6.702478327227172159e-06 6.598725726494732002e-06 6.948965063525961599e-06 6.764929120454434855e-06 -1.973172938405269157e-06 -3.053894242690263845e-07 2.579113947000047740e-06 -1.464683968971179691e-05 -1.200294673659307046e-05 4.028310474969428914e-06 8.989169439938388039e-06 4.782036605044714053e-07 -8.273232709587283525e-07 -2.871401014608377413e-06
-4.850381375392020888e-07 3.744905399335008863e-06 -3.072357664535646868e-05 -4.957194583392561115e-07 -3.003978643173746029e-06 3.235789337800604182e-07 1.069353027421601172e-06 1.174915908694851694e-06 -1.135674619069817674e-06 -4.782581204142942489e-06 -1.049362704803788616e-06 1.087507781489154035e-06 1.121556515114513458e-06 7.198688671729765350e-07 3.904163071212140365e-07 -3.335987571126678257e-06 2.496523078042831207e-05 9.445891974406177664e-07 2.320617842392841590e-06 3.917494830924619749e-06 8.602437810609278997e-06 4.093012138575518287e-05 9.801892653260592698e-06 7.947560506179617181e-06 8.338392391099712402e-06 8.681623179624278037e-06 8.738805036200794385e-06 2.523813625455087151e-06 2.479174914040689526e-06 5.570809794106005161e-06 6.797728436093833855e-06 -8.235536029803394134e-06 -6.499384576402966539e-06 9.460928386103785012e-06 9.803156882886524676e-06 8.230957331838765866e-06 -2.592048296440994349e-06
-9.374325145250991345e-06 3.463292244401809744e-06 2.173179827829690666e-04 -3.955332096529679476e-07 -3.686654555242157191e-06 2.792260493174433921e-07 1.139386083756165231e-06 1.126113283624097172e-06 1.288273471116291508e-06 -6.212527429850531295e-07 -5.342360204315800075e-06 -3.959140919731199093e-07 1.604711737597604590e-06 9.267003604283987604e-07 -1.391590512845099052e-07 -1.560258054706567361e-06 4.347063692088668028e-05 7.893635738157541510e-07 2.282655696776046912e-06 4.850119150667257572e-06 6.103758991662533829e-06 9.801892653260592698e-06 3.609660542492196857e-05 1.041880161782902368e-05 9.243369996863892599e-06 9.783789014439593575e-06 1.006312248149895066e-05 5.204269395453891422e-06 6.657793992779111319e-06 5.689914559241814693e-06 4.807664157814240957e-06 7.143674168352665762e-06 -8.527685362675271343e-06 -4.978417475848106587e-06 4.009363713013324754e-06 1.036914673388920118e-05 -6.070614674059620560e-06
-1.571880357715426155e-05 3.776534211066896840e-06 1.267241582918401000e-04 -5.125774813942324493e-07 -3.441899257695487087e-06 9.949355748680672099e-08 1.095129155749506942e-06 1.360344263418150384e-06 1.294526582772974661e-06 1.560498110529680252e-06 8.575698969045258533e-08 -5.550086176327144726e-06 2.347641211087720925e-07 1.100572042926821661e-06 1.121435555065197355e-07 -6.007721127372422782e-06 3.156756119072652979e-05 5.206902385380652942e-07 2.178502142583176169e-06 4.487786704626399170e-06 6.702478327227172159e-06 7.947560506179617181e-06 1.041880161782902368e-05 3.222061913720372471e-05 1.131390795813569687e-05 1.112053203760768573e-05 1.146618894045172407e-05 9.034687233803798519e-06 1.288794152627214572e-05 1.466377048652130133e-05 1.106918613938706489e-05 1.058738258644941090e-05 1.276155794495954840e-05 -8.000122694074877095e-06 -5.605528980878110203e-06 1.698819636507061426e-05 -5.148324959578097361e-06
-4.966369312027288927e-05 1.465870075668846852e-06 3.336731209032986457e-05 -5.211860531726704186e-07 -1.039060579759271199e-06 -1.064704038894190906e-07 9.293384051048138885e-07 1.321711119140978659e-06 1.318808117977934994e-06 1.508947527211103902e-06 1.927273875129656974e-06 8.250390973500145425e-07 -6.294281295070583723e-06 8.214119169450905733e-07 2.319167634072730670e-07 -8.394371081231114703e-06 -2.065226936282536083e-05 5.254959033422670102e-07 2.143910336410302481e-06 4.424135331612916501e-06 6.598725726494732002e-06 8.338392391099712402e-06 9.243369996863892599e-06 1.131390795813569687e-05 2.937072118599130547e-05 1.270024788229712203e-05 1.333883040792301091e-05 1.834463496696481339e-05 2.318000009069079613e-05 2.644334388505534047e-05 2.477280723832761414e-05 2.433492199233063495e-05 2.539280309822837471e-05 2.677416168259714546e-05 1.465380631875397456e-06 2.608216210425187847e-05 3.061106983374266581e-05
-6.635998393559844972e-05 2.571300676745932967e-06 -5.393362593418851670e-04 -4.858708961067063157e-07 2.178355523792298411e-06 -3.111788955606086234e-07 6.113162317612014944e-07 1.019267623789686806e-06 1.033896652589608509e-06 1.352732422264046072e-06 1.732084844071229943e-06 1.939746490372352416e-06 1.291930731887941098e-06 -6.007056763514185013e-06 4.232523425490786859e-07 -8.565064127256925795e-06 1.218343738610077912e-06 1.975830173754500656e-07 1.874079010068986035e-06 4.368291088736387606e-06 6.948965063525961599e-06 8.681623179624278037e-06 9.783789014439593575e-06 1.112053203760768573e-05 1.270024788229712203e-05 2.680960506943304094e-05 1.484381663704196897e-05 2.922416956415746744e-05 3.507565266887427365e-05 3.977386535190645129e-05 3.870517882510267116e-05 3.896557819202872350e-05 4.174198853317041298e-05 4.420876992353706250e-05 4.144120501821856663e-05 2.699636005494740183e-05 4.208251347625707961e-05
-1.081810577653428561e-04 2.110271917109758981e-06 -9.859723252340654807e-04 -6.897072984073559772e-07 6.089318022624629015e-06 -1.108862697184195342e-06 -4.578272955530463918e-08 3.587960456280379355e-07 6.051695341717812089e-07 1.037453421635539128e-06 1.577257293935139307e-06 2.050375210187247600e-06 1.742607603945802070e-06 1.779105454367097648e-06 -4.750579047317379649e-06 -9.809108910611495270e-06 6.772109519085924126e-07 1.412744370770756260e-07 1.404459435985936166e-06 4.188158827322900629e-06 6.764929120454434855e-06 8.738805036200794385e-06 1.006312248149895235e-05 1.146618894045172407e-05 1.333883040792301091e-05 1.484381663704196897e-05 2.470370617834618710e-05 3.930659201241283298e-05 4.841465468525650172e-05 5.436271935608556213e-05 5.635419668961961148e-05 6.037418001214275333e-05 6.508082579582315512e-05 6.977575448761848828e-05 7.281986168263027321e-05 9.908298504228832198e-05 9.419544981638020400e-05
-1.075669273391640507e-03 -5.885070486449828529e-05 -1.409066613322760252e-02 2.821969801114051163e-06 1.358650287798403961e-04 9.219330454590633230e-06 -6.970814586833945019e-06 -3.360175978958809458e-06 -4.658692373767028290e-06 -4.196517964741950800e-06 -1.346961350667171601e-06 2.719273651431310638e-06 2.332188570422630611e-06 1.386874089214292917e-06 9.458786209224380109e-06 -1.032358360768427920e-04 -8.750439303693563617e-04 -1.234728516843391287e-05 1.181332092792475948e-06 -6.025109035391904335e-06 -1.973172938405269157e-06 2.523813625455087151e-06 5.204269395453889728e-06 9.034687233803798519e-06 1.834463496696481339e-05 2.922416956415746744e-05 3.930659201241283298e-05 7.374116029896526665e-04 4.446200373541502721e-04 3.874497869191553768e-04 4.375080021813099553e-04 4.995208369213975695e-04 5.568474114715415892e-04 6.080924376620008972e-04 6.913699176713973679e-04 8.021891546506390016e-04 8.401264350081097875e-04
-1.290597132067753099e-03 -6.337562894454463385e-05 -1.406366051763788955e-02 3.040974674658892120e-06 1.483193811341220662e-04 -6.610699160050154938e-06 2.235995803333921967e-06 -1.330894619766829580e-05 -8.803045690530013687e-06 -4.838069287947356772e-06 -1.642610084909150006e-06 2.531499886125944945e-06 2.709029936372407761e-06 4.046523916685325111e-06 1.131011847507259044e-05 -1.137566851475717880e-04 -7.189601015830452942e-04 -7.513205748784554324e-07 -2.479161810429566910e-05 -1.229380488609303235e-07 -3.053894242690263845e-07 2.479174914040689526e-06 6.657793992779112166e-06 1.288794152627214572e-05 2.318000009069079613e-05 3.507565266887427365e-05 4.841465468525650172e-05 4.446200373541502721e-04 8.122183651219657243e-04 6.529968571868249730e-04 4.990926418706769689e-04 5.377572365956882804e-04 6.104183151697293403e-04 6.955183146917727531e-04 8.128298632819737314e-04 9.738652648034980047e-04 1.054562852712408053e-03
-1.367514149821120800e-03 -6.191988285898440659e-05 -1.506444831688973258e-02 3.534554618456290639e-06 1.567555510363873223e-04 -1.555255456024640388e-05 -4.412221264411164118e-06 -4.201580966119917337e-06 -1.254952581429088776e-05 -7.105787757558497275e-06 1.050801534227398507e-06 4.632603021077806082e-06 4.192959312030154504e-06 5.525096754289396138e-06 1.428632992067390876e-05 -1.396167028309896281e-04 -4.846147035434410265e-04 5.039115542447731884e-06 -1.698920743127035795e-05 -1.829362427240944770e-05 2.579113947000047740e-06 5.570809794106005161e-06 5.689914559241812152e-06 1.466377048652130133e-05 2.644334388505534047e-05 3.977386535190645129e-05 5.436271935608556213e-05 3.874497869191553768e-04 6.529968571868249730e-04 8.673429342255258283e-04 6.937950703592425010e-04 5.891009446597676811e-04 6.316519760764154404e-04 7.163818174355884947e-04 8.345595826469167332e-04 1.035992252811209803e-03 1.118756394889287333e-03
-1.474048538854902694e-03 -5.738471580368006698e-05 -1.549520187191238442e-02 3.288471196116188842e-06 1.642074012481814450e-04 -1.574896185243920734e-05 -1.637935821204406251e-05 -8.400964203412803591e-06 -4.039913435096123617e-06 -1.153152343359077099e-05 -1.154116677778706959e-06 6.558529716590773910e-06 5.816641836422696613e-06 9.283925436594905656e-06 1.486595782434247146e-05 -1.536366028232826831e-04 -5.094529446350028971e-04 3.064204734085567953e-06 6.324054318976980963e-07 -1.400937638298555010e-05 -1.464683968971179691e-05 6.797728436093833855e-06 4.807664157814239263e-06 1.106918613938706489e-05 2.477280723832761414e-05 3.870517882510267116e-05 5.635419668961961148e-05 4.375080021813099553e-04 4.990926418706769689e-04 6.937950703592425010e-04 9.024752317862506966e-04 8.142937080746194501e-04 7.051338133024360718e-04 7.364633875094242065e-04 8.831339082107968544e-04 1.092316870194229468e-03 1.154278685192286925e-03
-1.678680386315563626e-03 -5.885401525698179715e-05 -1.610585353069555331e-02 2.097441871200347834e-06 1.771585820545469353e-04 -1.565308548463715805e-05 -1.944291244570126191e-05 -1.928116557999407269e-05 -7.866559126057140372e-06 -2.845495012848486265e-06 -6.578303322492853066e-06 5.095651653976757776e-06 6.417972137355411047e-06 1.250118166871386311e-05 1.591770137722522976e-05 -1.729142523842796045e-04 -6.446843287023492708e-04 1.486255825287894023e-06 1.117965723580968882e-06 6.561890101193101065e-07 -1.200294673659307046e-05 -8.235536029803394134e-06 7.143674168352667456e-06 1.058738258644941090e-05 2.433492199233063495e-05 3.896557819202872350e-05 6.037418001214275333e-05 4.995208369213975695e-04 5.377572365956882804e-04 5.891009446597676811e-04 8.142937080746194501e-04 1.093949706567388241e-03 1.015814099959866856e-03 8.764273237591270818e-04 9.600354629000976267e-04 1.196101153950967621e-03 1.284205748033420214e-03
-1.861055354589546441e-03 -5.578480549003211626e-05 -1.835749750950129919e-02 1.084862649059237575e-08 1.933621437360711238e-04 -1.715606331552513837e-05 -2.065010401811300165e-05 -2.310769152535498169e-05 -2.051857841053663918e-05 -6.246992994912108230e-06 6.544285373231705389e-06 1.901811715620447592e-06 6.991070620221851070e-06 1.366488858209719164e-05 2.088936817909777739e-05 -2.125236353271058639e-04 -8.930819019314156174e-04 8.364113099399898306e-07 -1.598574440282211115e-06 1.693460800269923210e-06 4.028310474969428914e-06 -6.499384576402966539e-06 -8.527685362675274731e-06 1.276155794495954840e-05 2.539280309822837471e-05 4.174198853317041298e-05 6.508082579582315512e-05 5.568474114715415892e-04 6.104183151697293403e-04 6.316519760764154404e-04 7.051338133024360718e-04 1.015814099959866856e-03 1.390161285179853257e-03 1.295267690088911048e-03 1.123365135925943328e-03 1.330532246400845629e-03 1.443178855493914246e-03
-2.108230632728600850e-03 -5.411403022635939686e-05 -2.057565701146250522e-02 -6.753286847328189091e-07 2.160174473604594835e-04 -1.762171143371191220e-05 -2.240016370569542867e-05 -2.610862329637476381e-05 -2.688079446811584365e-05 -2.141514305054521589e-05 1.417123399469233192e-06 2.325408136768439469e-05 5.844890567423617186e-06 1.412289572436508314e-05 2.561359737958393752e-05 -2.361623282185667660e-04 -1.400502949934874985e-03 1.136335323731560702e-06 -1.800179691606170084e-06 1.097209218762597353e-06 8.989169439938388039e-06 9.460928386103785012e-06 -4.978417475848107434e-06 -8.000122694074877095e-06 2.677416168259714546e-05 4.420876992353706250e-05 6.977575448761848828e-05 6.080924376620008972e-04 6.955183146917727531e-04 7.163818174355884947e-04 7.364633875094242065e-04 8.764273237591270818e-04 1.295267690088911048e-03 1.904932584990857644e-03 1.703751984810898939e-03 1.519310045891754651e-03 1.634661088815596731e-03
-2.451304751897578123e-03 -5.606822983230084096e-05 -2.367415473358711747e-02 -2.696795687460809091e-06 2.486189124825799847e-04 -1.894974838171552015e-05 -2.470764738316806152e-05 -3.018537359843149808e-05 -2.807771052839182874e-05 -2.880752206100234224e-05 -1.429096005083027586e-05 1.374304052219400591e-05 3.601337625730528292e-05 1.749441430216583566e-05 2.187980765320698335e-05 -2.649858551311561777e-04 -2.225526164124781280e-03 5.123708742853044673e-06 -2.050368813004776993e-06 -1.110366442622348796e-06 4.782036605044714053e-07 9.803156882886524676e-06 4.009363713013325601e-06 -5.605528980878110203e-06 1.465380631875397456e-06 4.144120501821856663e-05 7.281986168263027321e-05 6.913699176713973679e-04 8.128298632819737314e-04 8.345595826469167332e-04 8.831339082107968544e-04 9.600354629000976267e-04 1.123365135925943328e-03 1.703751984810898939e-03 2.952548290576768961e-03 2.507037113405197280e-03 1.567054379206886611e-03
-3.286332164440710496e-03 -1.205697525014865282e-04 -2.191135234345564786e-02 -6.322507637132254551e-06 2.884903603554950886e-04 -2.209598590052363573e-05 -2.392070127521219109e-05 -3.103449320662499009e-05 -3.067129029764751816e-05 -2.842064074213440468e-05 -1.517100464406573527e-05 -1.421973163004891211e-08 1.655764125777789360e-05 7.778803800059736005e-05 6.266954367440937874e-06 -3.592339851819126469e-04 -2.971517553337773079e-03 1.043874489505547263e-05 -8.050547952590163142e-06 -7.501709436184398679e-06 -8.273232709587283525e-07 8.230957331838765866e-06 1.036914673388920627e-05 1.698819636507061426e-05 2.608216210425187847e-05 2.699636005494740183e-05 9.908298504228832198e-05 8.021891546506390016e-04 9.738652648034980047e-04 1.035992252811209803e-03 1.092316870194229468e-03 1.196101153950967621e-03 1.330532246400845629e-03 1.519310045891754651e-03 2.507037113405197280e-03 6.024932515965822355e-03 3.076924911874417967e-03
-4.169077631243701607e-03 -2.916453671850185460e-04 -2.386351426929862393e-02 -3.455427480921096549e-05 3.306908232607315792e-04 -4.078775485977320051e-05 -3.849038703606586778e-05 -2.932693869639525536e-05 -2.763617023744913172e-05 -1.929861368255376267e-05 -9.281439939978387764e-07 1.350631687760162621e-05 -4.243301749399535261e-06 1.824465103784492483e-05 1.731078313111960977e-05 1.850692497956469488e-04 3.574682696845674513e-03 7.760888089998513762e-06 4.056743482028323537e-06 -1.169901421996486216e-05 -2.871401014608377413e-06 -2.592048296440994349e-06 -6.070614674059618019e-06 -5.148324959578097361e-06 3.061106983374266581e-05 4.208251347625707961e-05 9.419544981638020400e-05 8.401264350081097875e-04 1.054562852712408053e-03 1.118756394889287333e-03 1.154278685192286925e-03 1.284205748033420214e-03 1.443178855493914246e-03 1.634661088815596731e-03 1.567054379206886611e-03 3.076924911874417967e-03 3.006841109495289252e-02
