# As_1e9 ns H0 omegab omegam LSST_DZ_S1 LSST_DZ_S2 LSST_DZ_S3 LSST_DZ_S4 LSST_DZ_S5 LSST_DZ_S6 LSST_DZ_S7 LSST_DZ_S8 LSST_DZ_S9 LSST_DZ_S10 LSST_A1_1 LSST_A1_2 LSST_M1 LSST_M2 LSST_M3 LSST_M4 LSST_M5 LSST_M6 LSST_M7 LSST_M8 LSST_M9 LSST_M10 LSST_B1_1 LSST_B1_2 LSST_B1_3 LSST_B1_4 LSST_B1_5 LSST_B1_6 LSST_B1_7 LSST_B1_8 LSST_B1_9 LSST_B1_10
1.435163363248179516e-02 1.749505800639610757e-03 -1.835747439855130170e-01 -4.047300910370070032e-05 -3.066888418271889057e-04 2.342790738553004673e-05 2.816336615602014080e-05 3.085687715204262719e-05 3.526857377831898088e-05 3.068964254779076912e-05 2.356764159025978816e-05 1.814671755489671501e-05 -4.902514277108427080e-06 -1.837377028447996174e-07 -2.354875657514128709e-05 2.209116419993495015e-04 -6.702419155057754872e-04 -4.441528766344708646e-06 2.249602211622404310e-07 -1.805406289397638085e-06 -7.916894440038793805e-06 -7.532114296481827531e-06 -9.058843400972720227e-06 -1.892740190362801654e-05 -2.153444483738824257e-05 -4.979995252056558486e-05 -7.964949173722423196e-05 -8.313676607337050104e-04 -9.798816235070202576e-04 -1.077007354528434655e-03 -1.028873824587228820e-03 -1.175676947190995841e-03 -1.324208326715215324e-03 -1.516337121806383753e-03 -1.783004359451898294e-03 -2.253286997874799028e-03 -3.825526384364777519e-03
1.749505800639610757e-03 3.231006826759050027e-04 -2.636994801698129554e-02 2.261937804881202910e-06 -2.412485063178365730e-05 -3.542892000919567964e-07 5.089303249806351388e-07 1.084272534177410456e-06 1.187002351762456687e-06 1.336581561614956050e-06 1.655229915654978433e-07 1.612850546933555472e-06 6.966515128191734117e-08 2.863959713247231019e-06 1.692791628160105780e-06 7.121516883575429826e-05 5.327869999085645754e-05 -3.228996141912133888e-07 1.731359636754788482e-06 3.197152951463325933e-06 4.997919330470720416e-06 6.098261739530067219e-06 8.340509934232201222e-06 6.580182790437326234e-06 7.663835792428702463e-06 5.917851888624775401e-06 6.261840746093740415e-06 -4.177879227754470269e-05 -4.936842755926765263e-05 -4.856264666757004455e-05 -3.511626434471342345e-05 -3.320581208379606072e-05 -3.869249859390159330e-05 -4.394116791820342198e-05 -3.785856879121217108e-05 -6.387631163147620853e-05 -3.475091711505331137e-04
-1.835747439855129892e-01 -2.636994801698129900e-02 5.138916532570808826e+00 1.929999460954229164e-03 -5.719093758498661195e-03 5.997797416020772109e-04 7.750848103974281944e-04 7.985143367555003896e-04 7.060872688219048312e-04 5.506279714451093980e-04 5.460423871557140100e-04 3.005687837030706190e-04 3.098813218540568304e-04 -3.813135895669354596e-04 -5.237222527818076500e-04 5.699971754530374669e-03 2.129321811619014002e-02 3.809309765671797430e-05 1.630060103371280898e-04 3.012055937004477725e-04 4.142151608823371875e-04 4.131302933941579780e-04 1.920780022834264180e-04 2.111047133040164019e-04 -9.974893420483921366e-05 -1.551208408827633957e-04 -6.648470918869994056e-04 -1.384596724486884117e-02 -1.448381273653454905e-02 -1.462945599604406795e-02 -1.562252809071004896e-02 -1.640622254752002046e-02 -1.704111565129838926e-02 -1.450508462769251744e-02 -1.715322899884145699e-02 -1.951596153685320953e-02 -7.965703664220235430e-03
-4.047300910370070032e-05 2.261937804881202910e-06 1.929999460954228731e-03 5.112764910623519131e-06 1.931897475907585990e-06 1.776870515737627357e-08 -1.672652526052467276e-07 -8.056562653322213102e-08 -2.811848889900858307e-07 -2.961782008473243575e-07 -3.596976365359553583e-07 -3.776191142215937498e-07 -2.543599365515665623e-07 -2.814316893923175356e-07 4.943112927141601052e-08 -4.693442225668959725e-07 2.047483088769289832e-05 -2.459289808460207280e-07 8.570506210934982141e-08 -1.644004616764684318e-07 1.612679276235225106e-07 9.704551176712092803e-08 1.638858738944798734e-07 2.019347725489219859e-07 1.005218672127129876e-07 1.439115366757795442e-07 2.136104496283329636e-07 6.249512236608540624e-06 4.743093997696687660e-06 5.090364176450437791e-06 5.859667611726601296e-06 6.661708183803672305e-06 4.946667656112665537e-06 5.119907015334606419e-06 5.107704248718945877e-06 -2.833733179456839433e-06 -3.925099756401915395e-05
-3.066888418271889057e-04 -2.412485063178365730e-05 -5.719093758498661195e-03 1.931897475907585990e-06 5.121432404250583537e-05 -3.897164708116135016e-06 -5.556756997515099861e-06 -6.015686713626905427e-06 -6.258331302359617277e-06 -5.325127760901654674e-06 -4.901589368008184221e-06 -3.745335617384573586e-06 -2.078172245845310795e-06 4.846782376433926016e-07 3.311953407284810466e-06 -4.815503295262136033e-05 -1.783807360744171330e-05 -2.472999181502071761e-07 -1.456364861254513552e-06 -2.995157477473346092e-06 -3.430253902314328283e-06 -4.180869578970962801e-06 -3.541623873218422896e-06 -2.955482781531100268e-06 -1.848800284823952315e-06 1.274852549624278733e-07 4.163173338053678027e-06 1.246987055207465789e-04 1.341024898741824357e-04 1.397205382226810746e-04 1.415050148394558847e-04 1.545888018122830909e-04 1.642655062477797810e-04 1.649325600241993630e-04 1.906646581051514588e-04 2.183263874450140835e-04 2.377971696115103431e-04
2.342790738553004673e-05 -3.542892000919567964e-07 5.997797416020774278e-04 1.776870515737627357e-08 -3.897164708116135016e-06 6.112039281629737413e-06 2.641901488049815659e-06 1.926987057356723152e-06 1.664387910973833652e-06 1.270060545566773300e-06 1.021278266217864716e-06 3.279052854064351264e-07 3.253027486438721449e-07 -6.236056402592463947e-08 -3.423235398299549472e-07 6.133549673274030299e-06 -1.440207264167834352e-04 -2.458881283784072831e-06 1.312448945860862998e-06 1.364348732890833621e-06 8.047887266456895956e-07 6.404781979414226455e-07 3.444480856144212678e-07 4.492456614524447789e-07 -6.775738977171208835e-08 -3.897161724362744399e-07 -1.022959825557523700e-06 6.182650141328424730e-06 -9.430287900861028359e-06 -1.718363158541873139e-05 -1.643668642848931230e-05 -1.604416691551653509e-05 -1.511773343165210435e-05 -1.710417365344806063e-05 -1.809296823298296161e-05 -1.649666674937647347e-05 -2.664056444897959375e-05
2.816336615602014080e-05 5.089303249806351388e-07 7.750848103974279776e-04 -1.672652526052467276e-07 -5.556756997515099861e-06 2.641901488049815659e-06 5.680067927785503902e-06 3.022702731359276372e-06 2.051084043297474975e-06 1.804241718126572716e-06 1.432700882977814074e-06 1.006391815741573395e-06 7.718302179915946738e-07 1.152274377850413194e-07 -2.817961362236550871e-07 8.926120193837339348e-06 -7.148460272292214473e-05 1.330475203649563471e-06 -4.819376463849234208e-06 -2.758267586025382580e-07 9.676826044506891481e-07 8.642848267756775589e-07 8.516751105375756638e-07 8.131802547590279724e-07 5.057763062780138028e-07 3.001283209556456216e-07 -4.143856563690370203e-07 -7.434219030671564681e-06 -7.032075043016868845e-07 -9.767904243683490727e-06 -1.969174768888164531e-05 -2.157222276948147705e-05 -2.125236046233947381e-05 -2.115714153431612154e-05 -2.131144744745611756e-05 -2.348421727465730874e-05 -2.386088374443564515e-05
3.085687715204264074e-05 1.084272534177410033e-06 7.985143367555003896e-04 -8.056562653322250160e-08 -6.015686713626905427e-06 1.926987057356723152e-06 3.022702731359276372e-06 6.076842500137523847e-06 3.318810091279834026e-06 2.195452189148703498e-06 1.897596106620255024e-06 1.419157022213778471e-06 1.068658351932965540e-06 3.333066919865612689e-07 -1.148983849899681069e-07 1.104147296001194595e-05 -1.159745421152500071e-05 8.436955216204584326e-07 -1.860551109145538902e-08 -5.121335857435543010e-06 -2.445183828520673692e-07 1.206122282354089335e-06 1.254337809961634851e-06 1.345870141956130899e-06 1.168731099686610598e-06 1.011609419996310170e-06 3.197481481176180353e-07 -1.643454044193324650e-06 -1.132882392948931626e-05 -4.604779995829074055e-06 -1.123818334584982421e-05 -2.035692179066965951e-05 -2.286638835875377340e-05 -2.279572864629508602e-05 -2.438255463094865581e-05 -2.439635096958100893e-05 -2.379166275834314342e-05
3.526857377831898088e-05 1.187002351762456687e-06 7.060872688219049396e-04 -2.811848889900858307e-07 -6.258331302359617277e-06 1.664387910973833652e-06 2.051084043297474975e-06 3.318810091279834450e-06 6.126320839259693527e-06 3.561612636341151004e-06 1.979068855803864365e-06 1.775740879840614929e-06 1.165480068233201736e-06 6.521503992735114298e-07 -6.726430035751865978e-08 9.474923662006686669e-06 2.169428046233377633e-05 2.843145436663800351e-07 7.805345934347867766e-07 -4.532746265916622882e-07 -4.265535522464712735e-06 -3.553423610169733151e-07 1.410399315594009204e-06 1.326787622476254797e-06 1.321073356666426314e-06 1.054391429407920641e-06 4.300954533592676380e-07 -7.093552285232911791e-06 -6.545419307947663734e-06 -1.302034962698699488e-05 -6.602213246553542019e-06 -1.154397931676578286e-05 -2.290541259024632929e-05 -2.735618056879516631e-05 -2.786086239070897894e-05 -2.677389465563334876e-05 -2.705441482500609059e-05
3.068964254779076912e-05 1.336581561614956050e-06 5.506279714451093980e-04 -2.961782008473243575e-07 -5.325127760901654674e-06 1.270060545566773300e-06 1.804241718126572716e-06 2.195452189148703498e-06 3.561612636341151004e-06 6.652044175525948014e-06 3.599443209577346700e-06 1.946749945551924284e-06 1.596651628197093102e-06 1.083366050626774904e-06 5.165734918305905923e-07 9.980931532213127940e-06 5.504513398203512124e-05 1.394557872093611036e-07 2.185038813549837798e-07 6.731147996193121244e-07 -7.526925830332595940e-07 -4.197153056471852608e-06 -2.417818858366844219e-07 1.281420572327663902e-06 1.275608069175018032e-06 1.087570881127318697e-06 5.748137729557993575e-07 -5.946538792990154253e-06 -5.718053205706087425e-06 -6.182005825943998436e-06 -1.150038127511297639e-05 -3.899246719164755997e-06 -6.666334829017665771e-06 -2.067845926262783026e-05 -2.651551197819096157e-05 -2.416158239490488649e-05 -2.091729397082751516e-05
2.356764159025978816e-05 1.655229915654978433e-07 5.460423871557136847e-04 -3.596976365359553583e-07 -4.901589368008184221e-06 1.021278266217864716e-06 1.432700882977814074e-06 1.897596106620255024e-06 1.979068855803864365e-06 3.599443209577346700e-06 8.038055833423925106e-06 3.482392836795627108e-06 1.921330980056344917e-06 1.224228469999526515e-06 5.599441850140479460e-07 7.033320531143761930e-06 5.841707771672810631e-05 -2.214394832544116201e-07 2.509366979887089271e-07 5.882042540881863065e-07 1.131896158473242552e-06 -3.992204360167856957e-07 -4.713328138577560898e-06 2.717183550806324699e-07 1.312374746963106957e-06 1.359410447236366187e-06 8.908001983071968134e-07 -6.365110664498878674e-06 -5.307702748159604973e-06 -4.347409854688131726e-06 -5.884799051618696601e-06 -1.011232542663242132e-05 1.874995708812836893e-06 -5.249112640947989499e-06 -2.300485235036316359e-05 -2.790416904681372354e-05 -1.730774778665529584e-05
1.814671755489671501e-05 1.612850546933555472e-06 3.005687837030706733e-04 -3.776191142215937498e-07 -3.745335617384573586e-06 3.279052854064351264e-07 1.006391815741573395e-06 1.419157022213778471e-06 1.775740879840614929e-06 1.946749945551924284e-06 3.482392836795627108e-06 9.822913494742651846e-06 3.126760982653036134e-06 1.729347572373635647e-06 1.027158626315057438e-06 4.374236659654653636e-06 5.066230215345336415e-05 6.399054625877012836e-09 1.539115197092133919e-07 5.575325497217959219e-07 7.111209158493569028e-07 9.583343267365787939e-07 -3.425441775751409896e-07 -5.048379279236943628e-06 5.830852123935625409e-07 1.342146589878146107e-06 1.132862502169714398e-06 -5.679356074960386180e-06 -4.056289725977799928e-06 -1.233567284113903110e-06 3.157022874749858606e-08 -1.347364299999799356e-06 -5.975905423889794255e-06 1.035323998958107682e-05 -4.583044760962128894e-07 -1.047143452503519931e-05 -2.107300982580027508e-06
-4.902514277108416069e-06 6.966515128191915435e-08 3.098813218540568304e-04 -2.543599365515667212e-07 -2.078172245845310795e-06 3.253027486438719331e-07 7.718302179915955208e-07 1.068658351932965540e-06 1.165480068233201948e-06 1.596651628197093102e-06 1.921330980056344917e-06 3.126760982653036558e-06 1.289255011148593518e-05 3.008309397058878695e-06 1.358888618677730996e-06 1.679866143894433445e-06 3.055185385981833981e-05 -1.509036201188893431e-07 3.591368905482788348e-07 7.326270549652097900e-07 1.139473295480984125e-06 9.910310691229043359e-07 1.084874892380351420e-06 5.445969804483438527e-07 -5.386402144414686949e-06 1.148020241295377018e-06 1.553032615408172724e-06 -2.296766019256440975e-07 -1.614294050803412403e-06 2.000562059782428123e-06 3.437053067022139950e-06 5.486576866486315343e-06 6.553594004029581866e-06 3.879317659724118372e-06 2.471444819060715297e-05 8.632082922709012740e-06 7.765003617505286149e-07
-1.837377028447996174e-07 2.863959713247231019e-06 -3.813135895669356222e-04 -2.814316893923175356e-07 4.846782376433926016e-07 -6.236056402592463947e-08 1.152274377850413194e-07 3.333066919865612689e-07 6.521503992735114298e-07 1.083366050626774904e-06 1.224228469999526515e-06 1.729347572373635647e-06 3.008309397058877848e-06 1.637157654198593916e-05 2.457157322245111364e-06 -5.811462014284618132e-06 -2.280682855647746119e-05 -1.122948244913461946e-07 1.108365786598505968e-07 3.446969910939042430e-07 3.691393705524606960e-07 2.131786621235267561e-07 4.768154585952877066e-07 4.942970921939639922e-07 2.950666555135627433e-08 -5.159720122120920579e-06 9.884460418636735171e-07 3.350098363957343748e-06 2.486849142765076390e-06 3.722923637390896863e-06 5.789916451908954336e-06 9.953124463825929923e-06 1.427840623879217266e-05 1.678916325029509570e-05 1.842142316906475992e-05 7.104362827185769288e-05 -1.091079643278518385e-06
-2.354875657514128709e-05 1.692791628160105780e-06 -5.237222527818076500e-04 4.943112927141601052e-08 3.311953407284810466e-06 -3.423235398299549472e-07 -2.817961362236550871e-07 -1.148983849899681069e-07 -6.726430035751865978e-08 5.165734918305905923e-07 5.599441850140479460e-07 1.027158626315057438e-06 1.358888618677730996e-06 2.457157322245111364e-06 2.204867539823828924e-05 -1.070951307256460305e-05 -8.282970802367452278e-05 1.966062914284704291e-07 1.835282548084337309e-07 -5.840267635958693941e-08 1.515075037709036174e-07 -1.837676300133553697e-07 1.380625060577443188e-07 1.650838017361146352e-07 3.187386393059439002e-07 5.107048206794925318e-07 -3.646946752678998498e-06 1.093292575056310114e-05 1.112994729765029503e-05 1.259531424112408421e-05 1.373888102919205496e-05 1.876046923145143053e-05 2.106310894244246758e-05 2.275017459702474560e-05 3.084618573394330352e-05 2.297495130579114075e-05 5.845075835008720566e-05
2.209116419993495015e-04 7.121516883575429826e-05 5.699971754530376404e-03 -4.693442225668959725e-07 -4.815503295262136033e-05 6.133549673274030299e-06 8.926120193837339348e-06 1.104147296001194595e-05 9.474923662006686669e-06 9.980931532213127940e-06 7.033320531143761930e-06 4.374236659654653636e-06 1.679866143894433869e-06 -5.811462014284618132e-06 -1.070951307256460305e-05 5.283048041877003208e-04 1.772223281350755698e-03 1.100484248800165599e-05 7.838781819175182116e-06 9.312706062266389927e-07 1.084387191981480673e-07 -2.326533619582858367e-06 -1.699317788381173424e-06 -2.203730069008290215e-06 -3.197595084011703508e-06 -3.947698202885233665e-06 -5.689212270715554299e-06 -7.083002406292417705e-05 -9.321852260565700627e-05 -1.015481941431565317e-04 -1.147326172518627123e-04 -1.361801628033408368e-04 -1.623698750313995150e-04 -1.816447137682848580e-04 -2.329834896148222660e-04 -2.670686957611799776e-04 1.035521844413132294e-04
-6.702419155057754872e-04 5.327869999085645754e-05 2.129321811619012961e-02 2.047483088769289832e-05 -1.783807360744171330e-05 -1.440207264167834352e-04 -7.148460272292214473e-05 -1.159745421152500240e-05 2.169428046233377633e-05 5.504513398203512124e-05 5.841707771672810631e-05 5.066230215345336415e-05 3.055185385981835336e-05 -2.280682855647746119e-05 -8.282970802367452278e-05 1.772223281350755698e-03 5.429923867637138912e-02 -2.128551088587491303e-04 -3.319325407218313165e-05 2.619951035764108433e-05 4.499869502320185159e-05 2.581438680771433149e-05 3.431755982809796556e-05 3.647307044673195884e-05 2.776798335641713505e-05 2.518123212116366152e-05 2.223522978215835787e-05 -3.629794592483837155e-04 -2.050994942753113363e-04 1.772468130648664547e-04 8.304134852802959072e-05 -1.197467728558581295e-04 -3.960120040794094473e-04 -6.376362118104688141e-04 -1.517097216554461015e-03 -2.580898209007656541e-03 2.317406176022737772e-03
-4.441528766344705258e-06 -3.228996141912132299e-07 3.809309765671797430e-05 -2.459289808460207280e-07 -2.472999181502071761e-07 -2.458881283784073678e-06 1.330475203649563047e-06 8.436955216204584326e-07 2.843145436663799292e-07 1.394557872093611036e-07 -2.214394832544114613e-07 6.399054625877070739e-09 -1.509036201188893431e-07 -1.122948244913463666e-07 1.966062914284704291e-07 1.100484248800165599e-05 -2.128551088587491032e-04 9.086742313933748871e-05 1.330192845306248970e-06 1.290080088577607990e-06 9.256972988560994057e-07 7.690997844750664046e-07 9.131445158143569600e-07 3.754379314788971200e-07 4.477869400899740951e-07 2.169025848368844799e-07 4.479655653031426358e-08 -1.578146901715682493e-05 1.630283742487668611e-06 5.696165044737569635e-06 2.337874275173371609e-06 6.776473649635760549e-07 -1.590305150122693556e-07 8.686615316257600349e-07 5.944087002040328557e-06 6.757387635804920188e-06 -7.768058563843437226e-06
2.249602211622404310e-07 1.731359636754788482e-06 1.630060103371280356e-04 8.570506210934982141e-08 -1.456364861254513552e-06 1.312448945860862998e-06 -4.819376463849234208e-06 -1.860551109145542542e-08 7.805345934347867766e-07 2.185038813549837798e-07 2.509366979887089271e-07 1.539115197092133919e-07 3.591368905482789936e-07 1.108365786598505968e-07 1.835282548084337309e-07 7.838781819175182116e-06 -3.319325407218313165e-05 1.330192845306248758e-06 6.859893020626200283e-05 5.389445440482246454e-06 3.745513394748052975e-06 4.355368943465803263e-06 3.976944794931317445e-06 3.792107585584307853e-06 3.287810555504477953e-06 3.161057001368684521e-06 2.831614586269049740e-06 3.311698076743788734e-06 -2.360183678160043480e-05 -1.022728499523782334e-05 6.959148353620241950e-06 7.382530948916569346e-06 4.327342764582051147e-06 4.127683521232123378e-07 -2.714747796976391586e-06 2.048121895003789457e-06 -3.167487500904538153e-06
-1.805406289397638085e-06 3.197152951463325933e-06 3.012055937004477725e-04 -1.644004616764684318e-07 -2.995157477473346092e-06 1.364348732890833621e-06 -2.758267586025382580e-07 -5.121335857435543010e-06 -4.532746265916622882e-07 6.731147996193121244e-07 5.882042540881863065e-07 5.575325497217959219e-07 7.326270549652097900e-07 3.446969910939042430e-07 -5.840267635958693941e-08 9.312706062266389927e-07 2.619951035764108433e-05 1.290080088577607990e-06 5.389445440482246454e-06 5.137680323055495568e-05 7.494232083019396828e-06 6.064212673997443994e-06 6.105389073264891434e-06 5.958868683564609963e-06 5.624301118527921453e-06 5.590263459110500721e-06 5.186039368986665971e-06 -7.470012921939858673e-06 -1.466938887985232584e-07 -1.720640667341853346e-05 -7.737319378017348302e-06 5.321098274185294447e-06 7.600531714468364290e-06 4.613721845289155786e-06 2.264823535854545109e-06 -5.240372065728615663e-06 -1.251884020570780142e-05
-7.916894440038793805e-06 4.997919330470720416e-06 4.142151608823370790e-04 1.612679276235225106e-07 -3.430253902314328283e-06 8.047887266456895956e-07 9.676826044506891481e-07 -2.445183828520675280e-07 -4.265535522464712735e-06 -7.526925830332595940e-07 1.131896158473242552e-06 7.111209158493569028e-07 1.139473295480983914e-06 3.691393705524606960e-07 1.515075037709036174e-07 1.084387191981480673e-07 4.499869502320185159e-05 9.256972988560997233e-07 3.745513394748052975e-06 7.494232083019396828e-06 3.987762731231813031e-05 9.547135361104434382e-06 7.594096934081108436e-06 8.126987760777184847e-06 7.749005263623900730e-06 8.007170756419254603e-06 7.681238417398746855e-06 2.471611331699010444e-06 -3.135526494979143042e-06 3.076268991181163774e-06 -9.958704075848218479e-06 -4.516176405647738715e-06 1.019508242420500040e-05 1.381440091188464021e-05 1.059156860773334048e-05 3.634568146501381001e-06 -9.892229822343918136e-06
-7.532114296481827531e-06 6.098261739530067219e-06 4.131302933941580322e-04 9.704551176712092803e-08 -4.180869578970962801e-06 6.404781979414226455e-07 8.642848267756775589e-07 1.206122282354089335e-06 -3.553423610169733151e-07 -4.197153056471852608e-06 -3.992204360167856957e-07 9.583343267365787939e-07 9.910310691229039123e-07 2.131786621235267561e-07 -1.837676300133553697e-07 -2.326533619582858367e-06 2.581438680771433149e-05 7.690997844750666163e-07 4.355368943465803263e-06 6.064212673997443994e-06 9.547135361104434382e-06 3.402567420899948851e-05 1.061669804478156877e-05 9.438934171356023968e-06 9.390942141343005601e-06 9.803139947786168931e-06 9.461461664854263877e-06 4.888605851051726849e-06 2.782964645522761043e-06 2.658638565068124608e-06 5.710630768813092148e-06 -6.644195347955920740e-06 -5.208443301770380093e-06 9.567181009935278214e-06 1.395557997632476095e-05 5.829843552492530261e-06 -2.655768782104667960e-06
-9.058843400972711756e-06 8.340509934232202916e-06 1.920780022834264180e-04 1.638858738944800058e-07 -3.541623873218422896e-06 3.444480856144213737e-07 8.516751105375754521e-07 1.254337809961634851e-06 1.410399315594009416e-06 -2.417818858366844219e-07 -4.713328138577560898e-06 -3.425441775751408307e-07 1.084874892380351420e-06 4.768154585952878124e-07 1.380625060577443188e-07 -1.699317788381173424e-06 3.431755982809798588e-05 9.131445158143569600e-07 3.976944794931316598e-06 6.105389073264891434e-06 7.594096934081106742e-06 1.061669804478156707e-05 3.000053656464470242e-05 1.127998000642899434e-05 1.042650014095078614e-05 1.083056413359742708e-05 1.071497313931748826e-05 9.433559925826244199e-06 9.074536344737626592e-06 8.661392446956803874e-06 7.712205204144595582e-06 1.052870117079382011e-05 -4.860248023157963065e-06 -1.748091163403845948e-07 1.891685635646674963e-05 1.912127252978188254e-05 1.679971097783995998e-06
-1.892740190362801654e-05 6.580182790437326234e-06 2.111047133040162935e-04 2.019347725489219859e-07 -2.955482781531100268e-06 4.492456614524447789e-07 8.131802547590279724e-07 1.345870141956131111e-06 1.326787622476254797e-06 1.281420572327663902e-06 2.717183550806324699e-07 -5.048379279236943628e-06 5.445969804483438527e-07 4.942970921939639922e-07 1.650838017361146352e-07 -2.203730069008290215e-06 3.647307044673195884e-05 3.754379314788972259e-07 3.792107585584307853e-06 5.958868683564609963e-06 8.126987760777184847e-06 9.438934171356023968e-06 1.127998000642899434e-05 2.679434534884772245e-05 1.161677665343498637e-05 1.169328803759985776e-05 1.166536439501833303e-05 1.326664015135179970e-05 1.447987277629960782e-05 1.418688277804092150e-05 1.183038475222156350e-05 1.273480650578366452e-05 1.412973008068596652e-05 -2.625015350581932231e-06 7.824632906101256172e-06 1.409412425558082476e-05 -5.136405830273591471e-06
-2.153444483738824257e-05 7.663835792428702463e-06 -9.974893420483921366e-05 1.005218672127129876e-07 -1.848800284823952315e-06 -6.775738977171208835e-08 5.057763062780138028e-07 1.168731099686610598e-06 1.321073356666426314e-06 1.275608069175018032e-06 1.312374746963106957e-06 5.830852123935625409e-07 -5.386402144414686949e-06 2.950666555135627433e-08 3.187386393059439002e-07 -3.197595084011703508e-06 2.776798335641713505e-05 4.477869400899740951e-07 3.287810555504477953e-06 5.624301118527921453e-06 7.749005263623900730e-06 9.390942141343005601e-06 1.042650014095078614e-05 1.161677665343498637e-05 2.413285976205766531e-05 1.257628310114472805e-05 1.253098538501730805e-05 1.563981090920689313e-05 2.043743447277806147e-05 2.114410366788201752e-05 1.947711875129468296e-05 1.980026225426215718e-05 1.830044436927588081e-05 1.751980058332561180e-05 6.149327006572376227e-06 1.557113656717967100e-05 7.560613377109585533e-06
-4.979995252056558486e-05 5.917851888624775401e-06 -1.551208408827634228e-04 1.439115366757795442e-07 1.274852549624278733e-07 -3.897161724362744399e-07 3.001283209556456216e-07 1.011609419996310170e-06 1.054391429407920641e-06 1.087570881127318697e-06 1.359410447236366187e-06 1.342146589878146107e-06 1.148020241295377018e-06 -5.159720122120920579e-06 5.107048206794925318e-07 -3.947698202885233665e-06 2.518123212116366152e-05 2.169025848368844270e-07 3.161057001368684521e-06 5.590263459110500721e-06 8.007170756419254603e-06 9.803139947786168931e-06 1.083056413359742878e-05 1.169328803759985776e-05 1.257628310114472805e-05 2.220513873638769897e-05 1.399863058239465073e-05 2.235053168282268506e-05 2.809630560211853509e-05 3.159137102049838482e-05 3.099541204289962777e-05 3.234568875702458846e-05 3.037447284482034342e-05 2.810289307159769172e-05 3.407160165793369247e-05 1.177221428184327482e-05 2.781881942305848359e-05
-7.964949173722423196e-05 6.261840746093740415e-06 -6.648470918869991888e-04 2.136104496283329636e-07 4.163173338053678027e-06 -1.022959825557523700e-06 -4.143856563690370203e-07 3.197481481176182470e-07 4.300954533592676380e-07 5.748137729557993575e-07 8.908001983071968134e-07 1.132862502169714398e-06 1.553032615408172724e-06 9.884460418636735171e-07 -3.646946752678998498e-06 -5.689212270715554299e-06 2.223522978215835787e-05 4.479655653031422388e-08 2.831614586269049740e-06 5.186039368986665971e-06 7.681238417398746855e-06 9.461461664854263877e-06 1.071497313931748826e-05 1.166536439501833303e-05 1.253098538501730805e-05 1.399863058239465073e-05 2.060937784418577813e-05 3.222973918909387210e-05 3.915378528677971801e-05 4.389902479761341979e-05 4.462511112553566733e-05 4.861448062294047970e-05 4.979723863605878053e-05 4.961223436286780206e-05 5.781895834478162545e-05 6.642897225153848240e-05 5.511219130238502879e-05
-8.313676607337050104e-04 -4.177879227754470269e-05 -1.384596724486883597e-02 6.249512236608540624e-06 1.246987055207465789e-04 6.182650141328424730e-06 -7.434219030671564681e-06 -1.643454044193326556e-06 -7.093552285232911791e-06 -5.946538792990154253e-06 -6.365110664498878674e-06 -5.679356074960386180e-06 -2.296766019256444681e-07 3.350098363957343748e-06 1.093292575056310114e-05 -7.083002406292417705e-05 -3.629794592483837155e-04 -1.578146901715682155e-05 3.311698076743788734e-06 -7.470012921939858673e-06 2.471611331699010444e-06 4.888605851051726849e-06 9.433559925826245893e-06 1.326664015135179970e-05 1.563981090920689313e-05 2.235053168282268506e-05 3.222973918909387210e-05 6.596132318578791162e-04 3.699685032744015156e-04 3.255023108695405333e-04 3.594799819479686342e-04 4.182665082712722212e-04 4.604576748307825083e-04 4.587165524790100409e-04 5.295812306284735640e-04 6.054542467212948231e-04 6.877187203043253318e-04
-9.798816235070202576e-04 -4.936842755926765263e-05 -1.448381273653455252e-02 4.743093997696687660e-06 1.341024898741824357e-04 -9.430287900861028359e-06 -7.032075043016868845e-07 -1.132882392948931626e-05 -6.545419307947663734e-06 -5.718053205706087425e-06 -5.307702748159604973e-06 -4.056289725977799928e-06 -1.614294050803414521e-06 2.486849142765076390e-06 1.112994729765029503e-05 -9.321852260565700627e-05 -2.050994942753113363e-04 1.630283742487669670e-06 -2.360183678160043480e-05 -1.466938887985232584e-07 -3.135526494979143042e-06 2.782964645522761043e-06 9.074536344737626592e-06 1.447987277629960782e-05 2.043743447277806147e-05 2.809630560211853509e-05 3.915378528677971801e-05 3.699685032744015156e-04 6.957450535776065446e-04 5.167466925434115090e-04 3.937789243456786222e-04 4.303387895659941276e-04 4.703406973589644379e-04 4.818500113152524218e-04 6.008252849273800107e-04 6.739630114295003293e-04 6.845735339834721923e-04
-1.077007354528434655e-03 -4.856264666757004455e-05 -1.462945599604406795e-02 5.090364176450437791e-06 1.397205382226810746e-04 -1.718363158541873139e-05 -9.767904243683490727e-06 -4.604779995829074055e-06 -1.302034962698699488e-05 -6.182005825943998436e-06 -4.347409854688131726e-06 -1.233567284113903110e-06 2.000562059782425158e-06 3.722923637390896863e-06 1.259531424112408421e-05 -1.015481941431565317e-04 1.772468130648664547e-04 5.696165044737569635e-06 -1.022728499523782334e-05 -1.720640667341853346e-05 3.076268991181163774e-06 2.658638565068124608e-06 8.661392446956805568e-06 1.418688277804092150e-05 2.114410366788201752e-05 3.159137102049838482e-05 4.389902479761341979e-05 3.255023108695405333e-04 5.167466925434115090e-04 7.508070035389713447e-04 5.511143364437402813e-04 4.710668098057378401e-04 4.683293480415451500e-04 5.043424980302131698e-04 6.321161162473610791e-04 6.975678220356814523e-04 7.870800804079800851e-04
-1.028873824587228820e-03 -3.511626434471342345e-05 -1.562252809071004896e-02 5.859667611726601296e-06 1.415050148394558847e-04 -1.643668642848931230e-05 -1.969174768888164531e-05 -1.123818334584982251e-05 -6.602213246553542019e-06 -1.150038127511297639e-05 -5.884799051618696601e-06 3.157022874749858606e-08 3.437053067022144609e-06 5.789916451908954336e-06 1.373888102919205496e-05 -1.147326172518627123e-04 8.304134852802959072e-05 2.337874275173373303e-06 6.959148353620241950e-06 -7.737319378017348302e-06 -9.958704075848218479e-06 5.710630768813092148e-06 7.712205204144595582e-06 1.183038475222156350e-05 1.947711875129468296e-05 3.099541204289962777e-05 4.462511112553566733e-05 3.594799819479686342e-04 3.937789243456786222e-04 5.511143364437402813e-04 7.361912562035468482e-04 6.501926683902946747e-04 5.106305830397896064e-04 4.981102355860997409e-04 6.159877773245778839e-04 7.215308804509521206e-04 7.019548911142858448e-04
-1.175676947190995841e-03 -3.320581208379606072e-05 -1.640622254752002740e-02 6.661708183803672305e-06 1.545888018122830909e-04 -1.604416691551653509e-05 -2.157222276948147705e-05 -2.035692179066965951e-05 -1.154397931676578286e-05 -3.899246719164755997e-06 -1.011232542663242132e-05 -1.347364299999799356e-06 5.486576866486313649e-06 9.953124463825929923e-06 1.876046923145143053e-05 -1.361801628033408368e-04 -1.197467728558581295e-04 6.776473649635773254e-07 7.382530948916569346e-06 5.321098274185294447e-06 -4.516176405647738715e-06 -6.644195347955920740e-06 1.052870117079381333e-05 1.273480650578366452e-05 1.980026225426215718e-05 3.234568875702458846e-05 4.861448062294047970e-05 4.182665082712722212e-04 4.303387895659941276e-04 4.710668098057378401e-04 6.501926683902946747e-04 8.965520169740759035e-04 7.849464843882508801e-04 5.805208974102548910e-04 6.575076341575592474e-04 8.305243226852786903e-04 8.578716417762347621e-04
-1.324208326715215324e-03 -3.869249859390159330e-05 -1.704111565129838579e-02 4.946667656112665537e-06 1.642655062477797810e-04 -1.511773343165210435e-05 -2.125236046233947381e-05 -2.286638835875377001e-05 -2.290541259024632929e-05 -6.666334829017665771e-06 1.874995708812836893e-06 -5.975905423889794255e-06 6.553594004029579325e-06 1.427840623879217266e-05 2.106310894244246758e-05 -1.623698750313995150e-04 -3.960120040794094473e-04 -1.590305150122706527e-07 4.327342764582051147e-06 7.600531714468364290e-06 1.019508242420500040e-05 -5.208443301770380093e-06 -4.860248023157963912e-06 1.412973008068596652e-05 1.830044436927588081e-05 3.037447284482034342e-05 4.979723863605878053e-05 4.604576748307825083e-04 4.703406973589644379e-04 4.683293480415451500e-04 5.106305830397896064e-04 7.849464843882508801e-04 1.111240565240700050e-03 8.884936820177238371e-04 7.143462620142766294e-04 8.521621480282923732e-04 8.748427465614806286e-04
-1.516337121806383753e-03 -4.394116791820342198e-05 -1.450508462769251050e-02 5.119907015334606419e-06 1.649325600241993630e-04 -1.710417365344806063e-05 -2.115714153431612154e-05 -2.279572864629507924e-05 -2.735618056879516631e-05 -2.067845926262783026e-05 -5.249112640947989499e-06 1.035323998958107682e-05 3.879317659724111595e-06 1.678916325029509570e-05 2.275017459702474560e-05 -1.816447137682848580e-04 -6.376362118104688141e-04 8.686615316257595055e-07 4.127683521232123378e-07 4.613721845289155786e-06 1.381440091188464021e-05 9.567181009935278214e-06 -1.748091163403839331e-07 -2.625015350581932231e-06 1.751980058332561180e-05 2.810289307159769172e-05 4.961223436286780206e-05 4.587165524790100409e-04 4.818500113152524218e-04 5.043424980302131698e-04 4.981102355860997409e-04 5.805208974102548910e-04 8.884936820177238371e-04 1.368060804573780148e-03 1.121912561921234669e-03 8.744891849458547419e-04 7.975746391428641807e-04
-1.783004359451898294e-03 -3.785856879121217108e-05 -1.715322899884145699e-02 5.107704248718945877e-06 1.906646581051514588e-04 -1.809296823298296161e-05 -2.131144744745611756e-05 -2.438255463094864904e-05 -2.786086239070897894e-05 -2.651551197819096157e-05 -2.300485235036316359e-05 -4.583044760962128894e-07 2.471444819060715636e-05 1.842142316906475992e-05 3.084618573394330352e-05 -2.329834896148222660e-04 -1.517097216554461015e-03 5.944087002040331098e-06 -2.714747796976391586e-06 2.264823535854545109e-06 1.059156860773334048e-05 1.395557997632476095e-05 1.891685635646674286e-05 7.824632906101256172e-06 6.149327006572376227e-06 3.407160165793369247e-05 5.781895834478162545e-05 5.295812306284735640e-04 6.008252849273800107e-04 6.321161162473610791e-04 6.159877773245778839e-04 6.575076341575592474e-04 7.143462620142766294e-04 1.121912561921234669e-03 2.259159709660771721e-03 1.701408602179333264e-03 8.258230883766167320e-04
-2.253286997874799028e-03 -6.387631163147620853e-05 -1.951596153685320953e-02 -2.833733179456839433e-06 2.183263874450140835e-04 -1.649666674937647347e-05 -2.348421727465730874e-05 -2.439635096958100554e-05 -2.677389465563334876e-05 -2.416158239490488649e-05 -2.790416904681372354e-05 -1.047143452503519931e-05 8.632082922709007658e-06 7.104362827185769288e-05 2.297495130579114075e-05 -2.670686957611799776e-04 -2.580898209007656541e-03 6.757387635804912564e-06 2.048121895003789457e-06 -5.240372065728615663e-06 3.634568146501381001e-06 5.829843552492530261e-06 1.912127252978188254e-05 1.409412425558082476e-05 1.557113656717967100e-05 1.177221428184327482e-05 6.642897225153848240e-05 6.054542467212948231e-04 6.739630114295003293e-04 6.975678220356814523e-04 7.215308804509521206e-04 8.305243226852786903e-04 8.521621480282923732e-04 8.744891849458547419e-04 1.701408602179333264e-03 4.981841097319575883e-03 2.185435456275655174e-03
-3.825526384364777519e-03 -3.475091711505331137e-04 -7.965703664220226757e-03 -3.925099756401915395e-05 2.377971696115103431e-04 -2.664056444897959375e-05 -2.386088374443564515e-05 -2.379166275834313326e-05 -2.705441482500609059e-05 -2.091729397082751516e-05 -1.730774778665529584e-05 -2.107300982580027508e-06 7.765003617505114625e-07 -1.091079643278518385e-06 5.845075835008720566e-05 1.035521844413132294e-04 2.317406176022737772e-03 -7.768058563843425367e-06 -3.167487500904538153e-06 -1.251884020570780142e-05 -9.892229822343918136e-06 -2.655768782104667960e-06 1.679971097783995998e-06 -5.136405830273591471e-06 7.560613377109585533e-06 2.781881942305848359e-05 5.511219130238502879e-05 6.877187203043253318e-04 6.845735339834721923e-04 7.870800804079800851e-04 7.019548911142858448e-04 8.578716417762347621e-04 8.748427465614806286e-04 7.975746391428641807e-04 8.258230883766167320e-04 2.185435456275655174e-03 3.497056252455581909e-02
