# As_1e9 ns H0 omegab omegam LSST_DZ_S1 LSST_DZ_S2 LSST_DZ_S3 LSST_DZ_S4 LSST_DZ_S5 LSST_DZ_S6 LSST_DZ_S7 LSST_DZ_S8 LSST_DZ_S9 LSST_DZ_S10 LSST_A1_1 LSST_A1_2 LSST_M1 LSST_M2 LSST_M3 LSST_M4 LSST_M5 LSST_M6 LSST_M7 LSST_M8 LSST_M9 LSST_M10 LSST_B1_1 LSST_B1_2 LSST_B1_3 LSST_B1_4 LSST_B1_5 LSST_B1_6 LSST_B1_7 LSST_B1_8 LSST_B1_9 LSST_B1_10
1.047779615046075426e-02 1.383394692954852600e-03 -1.563234408264651265e-01 -2.914742703199961929e-05 -1.349428005950600645e-04 2.003454353398404099e-05 2.051035132587863204e-05 2.183223711381357282e-05 1.910407106978190432e-05 1.455880151564286491e-05 4.489669665772606647e-06 3.305919908721994138e-06 -3.306519035250926031e-06 -1.348921871697740157e-05 -1.782557632861051652e-05 1.347797169889036783e-04 -4.176359233033246601e-04 -8.301555545630527358e-06 -9.872288809704045178e-06 -1.136080908053191767e-05 -8.010430061865040960e-06 -6.243688347932879114e-06 -2.274384000860982487e-06 -1.166639096719428116e-05 -1.626093633277083270e-05 -2.372046278149678199e-05 -3.934384976269634496e-05 -3.603330134281941652e-04 -4.294348323647721277e-04 -4.535338673378449333e-04 -5.076774206971341368e-04 -6.219911364381488800e-04 -7.024732915025409721e-04 -6.571480767020902941e-04 -8.041942813650104381e-04 -1.096946291890998253e-03 -2.136517216670374454e-03
1.383394692954852600e-03 2.535228050086592907e-04 -2.222832103274707122e-02 1.357170227969095052e-07 -1.534066793031103120e-05 -3.300538089679098596e-07 8.015573138316547789e-07 1.134414135820766690e-06 8.957145649224343948e-07 8.393379772475436491e-07 -5.360019282838681247e-08 1.537714811256300263e-07 1.733176489017140964e-07 -1.520822609982418746e-06 1.799016630270779310e-06 4.289484590993764354e-05 6.405755249856309480e-05 -1.147847374866883536e-06 1.777502751882149347e-07 3.196362823754075673e-06 5.671239940093618793e-06 6.299449407312636007e-06 7.736236232430884679e-06 7.385086961518502170e-06 7.236324352355712227e-06 7.765242495644078229e-06 6.468462163450525871e-06 -1.686666044675430370e-05 -1.778080758667200065e-05 -1.264620284851868687e-05 -1.285210134479055444e-05 -2.194935921534740489e-05 -2.407139445346722818e-05 -1.357603868243474436e-05 -2.595872556196840094e-05 -3.777693625133017201e-05 -2.029488260892054732e-04
-1.563234408264650988e-01 -2.222832103274707122e-02 4.357211894394343865e+00 1.568577055059963135e-03 -4.921340081280129071e-03 4.838153441305982193e-04 6.209349155789242692e-04 6.796151409685665225e-04 6.969761014092565104e-04 6.522111281551700498e-04 6.642710454174531338e-04 4.437655017523914705e-04 3.193305273209121899e-04 -7.289480249813422590e-05 -4.323051078528446721e-04 5.102819334616238121e-03 9.053153872026386412e-03 1.337178072463343062e-04 3.702508265095757057e-04 4.323133057881699379e-04 4.051219980798162631e-04 3.494114649684901893e-04 1.776731520550973455e-04 2.465415347880192849e-04 8.648133392259848965e-05 -1.017602263186386063e-06 -3.543982604158485710e-04 -1.112656447633730318e-02 -1.141957447355346732e-02 -1.126371822595069287e-02 -1.188467847694353076e-02 -1.141300714914273221e-02 -1.146788821430035771e-02 -1.442313840882587968e-02 -1.505424234374282653e-02 -1.357494181939217226e-02 -1.122408004956715853e-02
-2.914742703199961929e-05 1.357170227969095052e-07 1.568577055059963135e-03 3.750168381101005794e-06 9.944421906897269708e-07 -1.180587215833325381e-07 -6.629973885958551955e-08 -2.356869728789641462e-07 -1.722124464786297414e-07 -1.444645884795824360e-07 -2.600852522558637488e-07 -2.873565217064063996e-07 -2.103123732237656574e-07 -4.033508040816633731e-07 1.171837193742592036e-07 -1.260777322108872709e-06 2.008429863571054073e-06 -4.515643794361137374e-08 -2.386043226658043061e-07 7.177250948102430239e-08 1.356826622965652430e-08 -1.440213796685830252e-07 -1.784714472029204976e-08 -1.341635489769065050e-08 -1.191823258962864730e-07 -2.521532297789885721e-08 -1.613442182082174691e-07 2.423789194672760115e-06 2.732458641446812306e-06 1.950473656847375515e-06 1.771200563755095471e-06 2.698781491290610425e-06 2.631129029127321176e-06 8.394760263526389081e-07 -1.011466818024192785e-07 -5.634105645028411201e-06 -2.431950086342068326e-05
-1.349428005950600645e-04 -1.534066793031103120e-05 -4.921340081280129071e-03 9.944421906897269708e-07 3.455506568534852830e-05 -3.387698234627330739e-06 -4.341666866972349943e-06 -5.149297003014776715e-06 -4.996910147934145236e-06 -4.487402293650264832e-06 -4.147048943981819227e-06 -3.071597557463225677e-06 -2.016251128829589397e-06 3.147899619041746825e-07 2.790552478463929474e-06 -3.756950741455985154e-05 -1.257706847565519643e-05 -7.554246664156042156e-08 -2.210532081463252126e-06 -2.884255545651301480e-06 -3.813534719465349149e-06 -4.342729480659623675e-06 -3.921053805261609157e-06 -3.910895884364015803e-06 -3.175517315012446034e-06 -2.387632445030675803e-06 4.337522816522555327e-09 7.491806751070200171e-05 8.032535292273172993e-05 7.887933144898798114e-05 8.420734642686304164e-05 9.166677826648779459e-05 9.688417008672760972e-05 1.030435803124796386e-04 1.134833070365555879e-04 1.166933038821100973e-04 1.570249919154408091e-04
2.003454353398404099e-05 -3.300538089679098596e-07 4.838153441305981109e-04 -1.180587215833325381e-07 -3.387698234627330739e-06 4.278780343226449987e-06 2.335432072263361596e-06 1.805566564639225236e-06 1.535354582766153522e-06 1.341357570950046356e-06 1.037239094816861989e-06 6.597018016649691242e-07 3.985818567460950706e-07 5.207811767406976483e-08 1.117842031365922540e-07 6.563677172160794945e-06 -8.028616424203443886e-05 -1.994684388579818035e-06 1.096394776733279493e-06 1.022731353998529963e-06 7.103485356651663817e-07 3.696058586094036727e-07 2.514425204015324378e-07 1.451364798104398540e-07 -7.335554621075343678e-08 -3.264583654882103335e-07 -9.228404414624268729e-07 1.856126959270759341e-06 -6.736359917523277229e-06 -1.143338402745607415e-05 -1.238182646346231200e-05 -1.240477017468887816e-05 -1.281616376961197916e-05 -1.447807636316167513e-05 -1.621616320201873466e-05 -1.578672539698642004e-05 -2.571739895572790132e-05
2.051035132587863204e-05 8.015573138316547789e-07 6.209349155789245945e-04 -6.629973885958551955e-08 -4.341666866972349943e-06 2.335432072263361596e-06 4.212035107010105157e-06 2.447443518907786128e-06 1.898971263861535838e-06 1.737233743857830259e-06 1.409436479536183171e-06 1.166011692614157114e-06 7.652039293092804832e-07 3.476609209887431803e-07 6.373179802513821700e-08 6.899720763983547786e-06 -4.179944235835300913e-05 1.088389777640004018e-06 -3.828670826021698572e-06 2.820731697547788749e-07 1.081452430613445149e-06 9.781243182618870426e-07 1.019794111312191448e-06 9.066639316570005359e-07 8.463321911358493038e-07 6.308767609023645752e-07 9.874667499329649162e-08 -3.411880855997259330e-06 -1.186270026879232146e-06 -6.936780103464303384e-06 -1.236274111991912985e-05 -1.455013184845034132e-05 -1.502832043367031781e-05 -1.599032868061144925e-05 -1.714228920488920628e-05 -1.767837602377321399e-05 -2.651809525761768046e-05
2.183223711381358637e-05 1.134414135820765843e-06 6.796151409685665225e-04 -2.356869728789641462e-07 -5.149297003014776715e-06 1.805566564639224813e-06 2.447443518907785281e-06 4.311867330913053269e-06 2.798332994977283744e-06 2.091708574985586570e-06 1.922267664119074426e-06 1.571488501688623400e-06 1.283927831105207160e-06 7.114093317841424955e-07 3.363595917707618930e-08 7.272446207414215669e-06 -9.682912921210957622e-06 6.310615499675851595e-07 3.208302376360746877e-07 -3.251403413652945410e-06 2.037285517572025322e-07 1.199816159531228144e-06 1.173123460135960451e-06 1.213273208704729825e-06 1.121660363686395577e-06 1.003174518094801707e-06 5.478273529884416888e-07 -2.339082747261281253e-06 -9.015211717242512031e-06 -4.515390297205882218e-06 -8.027687274915597325e-06 -1.565352439030853757e-05 -1.739580092909703677e-05 -1.792181202503834940e-05 -1.863804947920421511e-05 -2.014785139940762892e-05 -1.796577204157485385e-05
1.910407106978190432e-05 8.957145649224343948e-07 6.969761014092566188e-04 -1.722124464786297414e-07 -4.996910147934145236e-06 1.535354582766153522e-06 1.898971263861535838e-06 2.798332994977284591e-06 4.368612473102368820e-06 2.819374309701322462e-06 2.072791161427854444e-06 1.797334286033741343e-06 1.433388957023879951e-06 8.746107936482483295e-07 3.592599415958722200e-07 7.145727659826516646e-06 8.305160289911283744e-06 1.027454719191821540e-07 6.939301423495509159e-07 -4.261299713911825978e-07 -2.416250611559030463e-06 3.413949579505749399e-07 1.256098798495741079e-06 1.281288865846086672e-06 1.294543130393185728e-06 1.214034858580328920e-06 7.348154549049303871e-07 -3.488115127661302373e-06 -4.864430300757994299e-06 -7.810783641016567208e-06 -5.457907030833436547e-06 -8.970583163499915610e-06 -1.622216143843186183e-05 -1.802494466206240305e-05 -1.852579573249044808e-05 -2.023650789406890123e-05 -2.250774046258548284e-05
1.455880151564286491e-05 8.393379772475436491e-07 6.522111281551700498e-04 -1.444645884795824360e-07 -4.487402293650264832e-06 1.341357570950046356e-06 1.737233743857830259e-06 2.091708574985586570e-06 2.819374309701322462e-06 5.010102077583697518e-06 2.951854843380144414e-06 2.153822169400768007e-06 1.765766583340693917e-06 1.170184068577603890e-06 7.419739510602796339e-07 8.120554374747786624e-06 3.453989768822911938e-05 -1.244054286099006461e-07 5.068342023563030748e-07 6.146491210969189946e-07 -1.819957939466172906e-09 -2.661958243340503778e-06 4.113170223379802314e-07 1.211338593436706760e-06 1.242169462779833290e-06 1.252384187515426315e-06 8.255127773006079168e-07 -3.298341339355730511e-06 -3.976956114275503438e-06 -3.001613239441265248e-06 -7.460787885403776150e-06 -3.516686939210919979e-06 -6.667847086804167838e-06 -1.549035309960062362e-05 -1.964266192600575998e-05 -2.125196608462253468e-05 -1.831547344573313533e-05
4.489669665772606647e-06 -5.360019282838681247e-08 6.642710454174529169e-04 -2.600852522558637488e-07 -4.147048943981819227e-06 1.037239094816861989e-06 1.409436479536183171e-06 1.922267664119074426e-06 2.072791161427854444e-06 2.951854843380144414e-06 5.827510253035452914e-06 3.046950890953027424e-06 2.087656389564285327e-06 1.631489859885679379e-06 9.682332868600024415e-07 5.887262198919655683e-06 3.513153678694151531e-05 -2.026552751838800288e-07 6.244336820794864216e-07 5.564926409730518323e-07 1.034438702363323553e-06 1.714800413467841700e-07 -2.610209515117106447e-06 7.658355525818924100e-07 1.544538127025183475e-06 1.575985314801814637e-06 1.267702487145586512e-06 -3.998119210702905113e-06 -3.550762880407467718e-06 -1.779044141058611676e-06 -1.983258218951131159e-06 -5.919852591081019901e-06 -1.596233773395534497e-07 -4.730969853930856083e-06 -1.484030875115881540e-05 -1.632494364093529387e-05 -8.253093560395774613e-06
3.305919908721994138e-06 1.537714811256300263e-07 4.437655017523914162e-04 -2.873565217064063996e-07 -3.071597557463225677e-06 6.597018016649691242e-07 1.166011692614157114e-06 1.571488501688623400e-06 1.797334286033741343e-06 2.153822169400768007e-06 3.046950890953027424e-06 7.026335150696726732e-06 3.146201766532423625e-06 1.975667755281610520e-06 1.125598864671022653e-06 5.593993828157469554e-06 4.986677541549606768e-05 -1.752258611082741658e-07 1.346970615310857814e-07 4.048594373216379012e-07 6.087238096711371992e-07 5.979085864055772069e-07 -8.130921475051117296e-08 -3.233339168377288611e-06 5.432335631644667285e-07 1.220482301903337414e-06 1.060770555113881135e-06 -3.525493406916904662e-06 -2.422909764090321637e-06 -1.244216841713175943e-07 7.854444724755894060e-07 7.554615979970643323e-07 -2.770776938416935235e-06 5.292876867504808570e-06 -9.834389963920786154e-07 -1.162519148049587056e-05 -8.095417871333075965e-06
-3.306519035250917560e-06 1.733176489017124288e-07 3.193305273209121899e-04 -2.103123732237655515e-07 -2.016251128829589397e-06 3.985818567460954412e-07 7.652039293092802714e-07 1.283927831105207160e-06 1.433388957023880798e-06 1.765766583340693917e-06 2.087656389564286174e-06 3.146201766532424895e-06 9.899407653201015481e-06 3.124874584206179739e-06 1.910732646731281475e-06 2.810944775796561596e-06 4.359552081840433916e-05 -4.885366478379368911e-07 2.214755347846604795e-07 1.584876021934840783e-07 6.054634232029545461e-07 5.837543412672629229e-07 6.055715105220309190e-07 1.382309094153528623e-08 -4.177957366046170276e-06 8.173801394788055490e-07 1.046094565891711720e-06 -7.701487716403586415e-07 -1.000677582601321052e-07 1.283422711644718467e-06 1.835979680655686150e-06 2.921900124135452802e-06 4.571112944720565528e-06 3.068466201484458413e-06 1.419098107748614527e-05 2.187696575007338057e-06 -3.143933013508920992e-06
-1.348921871697740157e-05 -1.520822609982418746e-06 -7.289480249813409037e-05 -4.033508040816633731e-07 3.147899619041746825e-07 5.207811767406976483e-08 3.476609209887431803e-07 7.114093317841422837e-07 8.746107936482483295e-07 1.170184068577603890e-06 1.631489859885679379e-06 1.975667755281610520e-06 3.124874584206178468e-06 1.319592652942530555e-05 2.973727062380290817e-06 -4.616002408816963901e-06 -2.281971312079021183e-05 -9.315660833490545767e-08 -3.085920716654608811e-08 -1.461188308004230850e-07 1.091852307145582733e-07 6.838517703586429489e-08 -3.854049656675917383e-08 1.829817361892058114e-07 -1.771261141846650515e-07 -4.216122684936814924e-06 7.750015785237865380e-07 3.483548669596023652e-06 2.880416287663774707e-06 4.858733146715419613e-06 6.610942161297369168e-06 8.470885645368749007e-06 1.013637448525649739e-05 1.177839447505368933e-05 1.474270645068657674e-05 4.640691685995504634e-05 2.677986731674821369e-07
-1.782557632861051652e-05 1.799016630270779310e-06 -4.323051078528446721e-04 1.171837193742592036e-07 2.790552478463929474e-06 1.117842031365922540e-07 6.373179802513821700e-08 3.363595917707618930e-08 3.592599415958722200e-07 7.419739510602796339e-07 9.682332868600024415e-07 1.125598864671022653e-06 1.910732646731281475e-06 2.973727062380290817e-06 2.078087341091287648e-05 -8.183491842972197660e-06 -8.237458512958354686e-05 3.081409048640700509e-08 -4.534541759058181237e-07 -3.786978550740723669e-07 -7.848033171972476641e-07 -9.686971101774756741e-07 -6.987977371595997815e-07 -4.254191590315629096e-07 -5.766568295740039619e-07 -4.840826853515453843e-07 -4.295148802348485837e-06 8.375312936580876145e-06 9.700380242247548366e-06 1.092579636309018710e-05 1.246167045089575916e-05 1.474304488549163931e-05 1.714853095584055904e-05 1.883941135218130834e-05 2.343320202819785896e-05 1.165736987296590423e-05 6.188469298458030199e-05
1.347797169889036783e-04 4.289484590993764354e-05 5.102819334616238121e-03 -1.260777322108872709e-06 -3.756950741455985154e-05 6.563677172160794945e-06 6.899720763983547786e-06 7.272446207414213975e-06 7.145727659826516646e-06 8.120554374747786624e-06 5.887262198919655683e-06 5.593993828157469554e-06 2.810944775796558631e-06 -4.616002408816963901e-06 -8.183491842972197660e-06 2.892846715102255213e-04 9.725464354596505658e-04 4.284571157342023334e-06 4.416505069159359561e-06 1.854311938807919800e-06 -3.290700698854735855e-07 -4.028998375460886317e-06 -3.110612675356954767e-06 -4.784669720978691903e-06 -5.062328127475702885e-06 -3.960903284221663552e-06 -6.388449196084723467e-06 -5.460414783837935012e-05 -6.562501215728430335e-05 -7.519584734007821701e-05 -8.717082890683216438e-05 -9.909821646897422104e-05 -1.173994239236906986e-04 -1.298127385579058693e-04 -1.634780804524792284e-04 -1.690968354529425940e-04 -8.528322517821558166e-05
-4.176359233033246601e-04 6.405755249856309480e-05 9.053153872026400290e-03 2.008429863571054073e-06 -1.257706847565519643e-05 -8.028616424203443886e-05 -4.179944235835300913e-05 -9.682912921210957622e-06 8.305160289911283744e-06 3.453989768822911938e-05 3.513153678694151531e-05 4.986677541549606768e-05 4.359552081840431206e-05 -2.281971312079021183e-05 -8.237458512958354686e-05 9.725464354596505658e-04 2.876110172667992876e-02 -1.881635943908093660e-04 -1.757108703432791734e-05 2.709810201664567068e-05 3.797280815116057677e-05 1.553134893839127091e-05 1.883396473330855323e-05 1.311490620455931073e-06 -1.352166607883269908e-06 1.958753524192322898e-05 1.988354973134060080e-05 -1.950484692322163624e-04 -5.570610864142292996e-05 9.997918278184062001e-05 1.028140819503192878e-04 1.854847014344781971e-05 -1.514516016523690767e-04 -2.706199810853121036e-04 -6.368117217514742724e-04 -1.246747695098828195e-03 1.383281340329167936e-03
-8.301555545630522276e-06 -1.147847374866883960e-06 1.337178072463343062e-04 -4.515643794361133403e-08 -7.554246664156042156e-08 -1.994684388579818035e-06 1.088389777640004018e-06 6.310615499675851595e-07 1.027454719191820746e-07 -1.244054286099006461e-07 -2.026552751838798965e-07 -1.752258611082741394e-07 -4.885366478379368911e-07 -9.315660833490536503e-08 3.081409048640700509e-08 4.284571157342024181e-06 -1.881635943908093660e-04 8.449571250918753833e-05 3.119423782808903148e-06 2.166080040388952782e-06 2.339891648319929446e-06 1.756773723856693285e-06 1.309440385181983095e-06 9.700294330072768263e-07 9.985205633045907197e-07 5.925630828714222716e-07 4.639803944484391503e-07 -1.232245358894322874e-05 2.466355014267239513e-07 4.978927119676588426e-06 3.061875521857617362e-06 -3.056531099078469903e-07 3.655517084699500120e-09 5.557135426653015274e-07 2.787126492333707612e-06 7.353254064227628024e-06 -2.683781866900571048e-06
-9.872288809704045178e-06 1.777502751882149347e-07 3.702508265095757057e-04 -2.386043226658043061e-07 -2.210532081463252126e-06 1.096394776733279493e-06 -3.828670826021698572e-06 3.208302376360745289e-07 6.939301423495509159e-07 5.068342023563030748e-07 6.244336820794864216e-07 1.346970615310857814e-07 2.214755347846606383e-07 -3.085920716654608811e-08 -4.534541759058181237e-07 4.416505069159359561e-06 -1.757108703432791734e-05 3.119423782808904419e-06 5.647761529068621409e-05 6.403210466672941006e-06 5.481419630853020622e-06 5.291282242221648422e-06 4.794212376243174461e-06 4.884247806854747465e-06 4.394642300487857892e-06 4.239103084736135541e-06 3.746686596124761741e-06 -4.860489907979792877e-07 -1.947550529191402219e-05 -6.264577670604016457e-06 3.928303869881480609e-06 5.167290519481282929e-06 4.224385719503824646e-06 1.277515997588542584e-06 -1.012399976231331638e-06 -2.778308874895281155e-06 1.191485305078984191e-05
-1.136080908053191767e-05 3.196362823754075673e-06 4.323133057881699379e-04 7.177250948102430239e-08 -2.884255545651301480e-06 1.022731353998529963e-06 2.820731697547788749e-07 -3.251403413652945410e-06 -4.261299713911825978e-07 6.146491210969189946e-07 5.564926409730518323e-07 4.048594373216379012e-07 1.584876021934840783e-07 -1.461188308004230850e-07 -3.786978550740723669e-07 1.854311938807919800e-06 2.709810201664567068e-05 2.166080040388952782e-06 6.403210466672941006e-06 3.770923275465918196e-05 8.949765073603962540e-06 7.223863949426850369e-06 7.307960290656052330e-06 7.414629328558504514e-06 7.235764497315483876e-06 7.173722301981329101e-06 6.683334580217501652e-06 -3.286477496178523523e-06 3.092798560990672501e-06 -8.253442466043822234e-06 -3.131689423155278376e-06 8.807297471118488239e-06 9.075200552395549397e-06 6.401409750741475098e-06 3.976727011546172157e-06 5.418989223760039164e-07 -1.057059552067301756e-05
-8.010430061865040960e-06 5.671239940093618793e-06 4.051219980798165341e-04 1.356826622965652430e-08 -3.813534719465349149e-06 7.103485356651663817e-07 1.081452430613445149e-06 2.037285517572024792e-07 -2.416250611559030463e-06 -1.819957939466172906e-09 1.034438702363323553e-06 6.087238096711371992e-07 6.054634232029546520e-07 1.091852307145582733e-07 -7.848033171972476641e-07 -3.290700698854735855e-07 3.797280815116057677e-05 2.339891648319929869e-06 5.481419630853020622e-06 8.949765073603962540e-06 2.923334056566307920e-05 9.962805875546293011e-06 8.738821350474748232e-06 9.224420665552989735e-06 8.997674854967945948e-06 9.031273465611904251e-06 8.769132147410207330e-06 2.029883839542602707e-06 -8.365656085562478424e-08 4.141432793968456511e-06 -2.403882834225877601e-06 -3.412316722922525413e-07 9.396603926967184579e-06 9.584264772275107388e-06 6.980962685689460053e-06 3.518044390309567578e-06 2.159347590735340075e-06
-6.243688347932879114e-06 6.299449407312636007e-06 3.494114649684903519e-04 -1.440213796685830252e-07 -4.342729480659623675e-06 3.696058586094036727e-07 9.781243182618870426e-07 1.199816159531228144e-06 3.413949579505749399e-07 -2.661958243340503778e-06 1.714800413467841700e-07 5.979085864055772069e-07 5.837543412672631347e-07 6.838517703586429489e-08 -9.686971101774756741e-07 -4.028998375460886317e-06 1.553134893839127091e-05 1.756773723856693285e-06 5.291282242221648422e-06 7.223863949426850369e-06 9.962805875546293011e-06 2.556241732758120108e-05 1.067657877326063496e-05 1.026312908170510916e-05 1.027647423785816066e-05 1.031891191023470754e-05 1.002290720837623689e-05 4.113156015741411396e-06 2.988026795316610669e-06 1.977765693505080559e-06 6.228553778423510337e-06 -2.830713892744582887e-06 -8.844738148590124777e-07 8.894225142375037651e-06 1.288023811128113343e-05 8.837325404433747262e-06 2.650455559057094906e-07
-2.274384000860978252e-06 7.736236232430884679e-06 1.776731520550973455e-04 -1.784714472029217218e-08 -3.921053805261609157e-06 2.514425204015325966e-07 1.019794111312191448e-06 1.173123460135960451e-06 1.256098798495741291e-06 4.113170223379802314e-07 -2.610209515117106870e-06 -8.130921475051114649e-08 6.055715105220309190e-07 -3.854049656675931942e-08 -6.987977371595997815e-07 -3.110612675356953920e-06 1.883396473330854645e-05 1.309440385181983095e-06 4.794212376243174461e-06 7.307960290656052330e-06 8.738821350474749926e-06 1.067657877326063157e-05 2.245506194442890315e-05 1.142085361575784565e-05 1.077121774232501891e-05 1.097067491171581737e-05 1.068566191637901797e-05 8.284269955728753261e-06 7.531571958486995820e-06 6.394486350681699920e-06 5.866500724676807437e-06 7.282733577048496763e-06 -1.455893573773137568e-06 2.071988108197439442e-06 1.270877097607450242e-05 8.871364986843484864e-06 2.509186239889990117e-07
-1.166639096719428116e-05 7.385086961518502170e-06 2.465415347880193391e-04 -1.341635489769065050e-08 -3.910895884364015803e-06 1.451364798104398540e-07 9.066639316570005359e-07 1.213273208704729613e-06 1.281288865846086672e-06 1.211338593436706760e-06 7.658355525818924100e-07 -3.233339168377288611e-06 1.382309094153520186e-08 1.829817361892058114e-07 -4.254191590315629096e-07 -4.784669720978691903e-06 1.311490620455931073e-06 9.700294330072768263e-07 4.884247806854747465e-06 7.414629328558504514e-06 9.224420665552989735e-06 1.026312908170510916e-05 1.142085361575784734e-05 2.125616160305337200e-05 1.219660669609800084e-05 1.199341676256218153e-05 1.181613247679312259e-05 1.070362231015913730e-05 1.111820532874923830e-05 1.028091687995564802e-05 9.149399623261861956e-06 7.176109140248775600e-06 9.166500817280946565e-06 7.698227022784485305e-07 6.468056285039697563e-06 1.208169835975506165e-05 8.310953166590586384e-06
-1.626093633277083270e-05 7.236324352355712227e-06 8.648133392259848965e-05 -1.191823258962864730e-07 -3.175517315012446034e-06 -7.335554621075343678e-08 8.463321911358493038e-07 1.121660363686395577e-06 1.294543130393185728e-06 1.242169462779833290e-06 1.544538127025183475e-06 5.432335631644667285e-07 -4.177957366046170276e-06 -1.771261141846650515e-07 -5.766568295740039619e-07 -5.062328127475702885e-06 -1.352166607883269908e-06 9.985205633045907197e-07 4.394642300487857892e-06 7.235764497315483876e-06 8.997674854967945948e-06 1.027647423785816066e-05 1.077121774232501891e-05 1.219660669609800084e-05 2.002461756854034337e-05 1.264692369066733507e-05 1.245707808821123546e-05 1.236836786911403715e-05 1.389512014329727306e-05 1.480916580439409612e-05 1.516960424196350508e-05 1.293610017882566667e-05 1.135338958978861291e-05 1.198559673800469583e-05 5.788524349595603771e-06 1.047063584417479559e-05 1.535831779572776335e-05
-2.372046278149678199e-05 7.765242495644078229e-06 -1.017602263186435403e-06 -2.521532297789885721e-08 -2.387632445030675803e-06 -3.264583654882103335e-07 6.308767609023645752e-07 1.003174518094801919e-06 1.214034858580328920e-06 1.252384187515426315e-06 1.575985314801814637e-06 1.220482301903337414e-06 8.173801394788053372e-07 -4.216122684936814924e-06 -4.840826853515453843e-07 -3.960903284221663552e-06 1.958753524192322898e-05 5.925630828714221657e-07 4.239103084736135541e-06 7.173722301981329101e-06 9.031273465611904251e-06 1.031891191023470754e-05 1.097067491171581907e-05 1.199341676256218153e-05 1.264692369066733507e-05 1.847727033835616875e-05 1.319622340918534231e-05 1.489447821184967836e-05 1.810443522656083018e-05 1.905971652520995188e-05 1.974919915026924661e-05 1.852166014940549862e-05 1.793370130202345496e-05 1.714167585341250854e-05 1.938816224644281759e-05 3.238892096357048256e-06 2.695996022280794759e-05
-3.934384976269634496e-05 6.468462163450525871e-06 -3.543982604158484083e-04 -1.613442182082174691e-07 4.337522816522555327e-09 -9.228404414624268729e-07 9.874667499329649162e-08 5.478273529884413712e-07 7.348154549049303871e-07 8.255127773006079168e-07 1.267702487145586512e-06 1.060770555113881135e-06 1.046094565891711720e-06 7.750015785237865380e-07 -4.295148802348485837e-06 -6.388449196084723467e-06 1.988354973134060080e-05 4.639803944484394680e-07 3.746686596124761741e-06 6.683334580217501652e-06 8.769132147410207330e-06 1.002290720837623689e-05 1.068566191637901797e-05 1.181613247679312259e-05 1.245707808821123546e-05 1.319622340918534231e-05 1.710921613507118656e-05 2.023378820065348222e-05 2.381640557000728621e-05 2.543342062221987698e-05 2.733262518731835293e-05 2.742264082898298694e-05 2.807603027251592937e-05 2.817096812602883039e-05 3.074914698646651615e-05 3.386174309977382589e-05 3.267706360016620244e-05
-3.603330134281941652e-04 -1.686666044675430370e-05 -1.112656447633730145e-02 2.423789194672760115e-06 7.491806751070200171e-05 1.856126959270759341e-06 -3.411880855997259330e-06 -2.339082747261280406e-06 -3.488115127661302373e-06 -3.298341339355730511e-06 -3.998119210702905113e-06 -3.525493406916904662e-06 -7.701487716403559945e-07 3.483548669596023652e-06 8.375312936580876145e-06 -5.460414783837935012e-05 -1.950484692322163624e-04 -1.232245358894322874e-05 -4.860489907979792877e-07 -3.286477496178523523e-06 2.029883839542602707e-06 4.113156015741411396e-06 8.284269955728754955e-06 1.070362231015913730e-05 1.236836786911403715e-05 1.489447821184967836e-05 2.023378820065348222e-05 3.855868793982156423e-04 2.165062634085993388e-04 1.894358105843260926e-04 2.165725389324645186e-04 2.421160767841667636e-04 2.581190301066991024e-04 2.672361884066656629e-04 2.940456367525223400e-04 3.129248770692324142e-04 3.982696274121146443e-04
-4.294348323647721277e-04 -1.778080758667200065e-05 -1.141957447355346385e-02 2.732458641446812306e-06 8.032535292273172993e-05 -6.736359917523277229e-06 -1.186270026879232146e-06 -9.015211717242517113e-06 -4.864430300757994299e-06 -3.976956114275503438e-06 -3.550762880407467718e-06 -2.422909764090321637e-06 -1.000677582601329787e-07 2.880416287663774707e-06 9.700380242247548366e-06 -6.562501215728430335e-05 -5.570610864142292996e-05 2.466355014267238454e-07 -1.947550529191402219e-05 3.092798560990672501e-06 -8.365656085562478424e-08 2.988026795316610669e-06 7.531571958486994126e-06 1.111820532874923830e-05 1.389512014329727306e-05 1.810443522656083018e-05 2.381640557000728621e-05 2.165062634085993388e-04 4.314262853422271677e-04 2.666971594263619076e-04 2.204840956494402303e-04 2.473081698028140193e-04 2.677110934954516274e-04 2.876403480488286127e-04 3.329786459324139431e-04 3.542321846711541343e-04 4.046604420480689850e-04
-4.535338673378449333e-04 -1.264620284851868687e-05 -1.126371822595069461e-02 1.950473656847375515e-06 7.887933144898798114e-05 -1.143338402745607415e-05 -6.936780103464303384e-06 -4.515390297205883065e-06 -7.810783641016567208e-06 -3.001613239441265248e-06 -1.779044141058611676e-06 -1.244216841713175943e-07 1.283422711644719102e-06 4.858733146715419613e-06 1.092579636309018710e-05 -7.519584734007821701e-05 9.997918278184062001e-05 4.978927119676588426e-06 -6.264577670604016457e-06 -8.253442466043822234e-06 4.141432793968456511e-06 1.977765693505080559e-06 6.394486350681699920e-06 1.028091687995564802e-05 1.480916580439409612e-05 1.905971652520995188e-05 2.543342062221987698e-05 1.894358105843260926e-04 2.666971594263619076e-04 3.823398955328604189e-04 3.057294421713306642e-04 2.457599875781243839e-04 2.577656803197929825e-04 2.931798039286559790e-04 3.258227317662692958e-04 3.496000509737558020e-04 4.830347521769910181e-04
-5.076774206971341368e-04 -1.285210134479055444e-05 -1.188467847694353076e-02 1.771200563755095471e-06 8.420734642686304164e-05 -1.238182646346231200e-05 -1.236274111991912985e-05 -8.027687274915595630e-06 -5.457907030833436547e-06 -7.460787885403776150e-06 -1.983258218951131159e-06 7.854444724755894060e-07 1.835979680655688056e-06 6.610942161297369168e-06 1.246167045089575916e-05 -8.717082890683216438e-05 1.028140819503192878e-04 3.061875521857617786e-06 3.928303869881480609e-06 -3.131689423155278376e-06 -2.403882834225877601e-06 6.228553778423510337e-06 5.866500724676807437e-06 9.149399623261861956e-06 1.516960424196350508e-05 1.974919915026924661e-05 2.733262518731835293e-05 2.165725389324645186e-04 2.204840956494402303e-04 3.057294421713306642e-04 4.355058075557651366e-04 3.599158306449103161e-04 2.819702844436910256e-04 2.992345562827431783e-04 3.543863520421882524e-04 3.774187338300279094e-04 5.316169577661846671e-04
-6.219911364381488800e-04 -2.194935921534740489e-05 -1.141300714914273567e-02 2.698781491290610425e-06 9.166677826648779459e-05 -1.240477017468887816e-05 -1.455013184845034132e-05 -1.565352439030853418e-05 -8.970583163499915610e-06 -3.516686939210919979e-06 -5.919852591081019901e-06 7.554615979970643323e-07 2.921900124135454497e-06 8.470885645368749007e-06 1.474304488549163931e-05 -9.909821646897422104e-05 1.854847014344781971e-05 -3.056531099078468845e-07 5.167290519481282929e-06 8.807297471118488239e-06 -3.412316722922525413e-07 -2.830713892744582887e-06 7.282733577048495069e-06 7.176109140248775600e-06 1.293610017882566667e-05 1.852166014940549862e-05 2.742264082898298694e-05 2.421160767841667636e-04 2.473081698028140193e-04 2.457599875781243839e-04 3.599158306449103161e-04 5.191366892557743203e-04 4.340504805889069473e-04 3.202389716371683800e-04 3.599663588551326506e-04 4.002139026361659644e-04 5.325988279306213173e-04
-7.024732915025409721e-04 -2.407139445346722818e-05 -1.146788821430035771e-02 2.631129029127321176e-06 9.688417008672760972e-05 -1.281616376961197916e-05 -1.502832043367031781e-05 -1.739580092909703339e-05 -1.622216143843186183e-05 -6.667847086804167838e-06 -1.596233773395534497e-07 -2.770776938416935235e-06 4.571112944720564681e-06 1.013637448525649739e-05 1.714853095584055904e-05 -1.173994239236906986e-04 -1.514516016523690767e-04 3.655517084700894746e-09 4.224385719503824646e-06 9.075200552395549397e-06 9.396603926967184579e-06 -8.844738148590124777e-07 -1.455893573773137144e-06 9.166500817280946565e-06 1.135338958978861291e-05 1.793370130202345496e-05 2.807603027251592937e-05 2.581190301066991024e-04 2.677110934954516274e-04 2.577656803197929825e-04 2.819702844436910256e-04 4.340504805889069473e-04 6.423230652729472944e-04 5.007523778541242161e-04 3.807768721284474642e-04 4.261138892480802729e-04 5.820636666375683492e-04
-6.571480767020902941e-04 -1.357603868243474436e-05 -1.442313840882587621e-02 8.394760263526389081e-07 1.030435803124796386e-04 -1.447807636316167513e-05 -1.599032868061144925e-05 -1.792181202503834940e-05 -1.802494466206240305e-05 -1.549035309960062362e-05 -4.730969853930856083e-06 5.292876867504808570e-06 3.068466201484457566e-06 1.177839447505368933e-05 1.883941135218130834e-05 -1.298127385579058693e-04 -2.706199810853121036e-04 5.557135426653017392e-07 1.277515997588542584e-06 6.401409750741475098e-06 9.584264772275107388e-06 8.894225142375037651e-06 2.071988108197438595e-06 7.698227022784485305e-07 1.198559673800469583e-05 1.714167585341250854e-05 2.817096812602883039e-05 2.672361884066656629e-04 2.876403480488286127e-04 2.931798039286559790e-04 2.992345562827431783e-04 3.202389716371683800e-04 5.007523778541242161e-04 8.016694291569731673e-04 6.214666784102817164e-04 4.437717192804053416e-04 4.971766301896700857e-04
-8.041942813650104381e-04 -2.595872556196840094e-05 -1.505424234374282653e-02 -1.011466818024192785e-07 1.134833070365555879e-04 -1.621616320201873466e-05 -1.714228920488920628e-05 -1.863804947920421511e-05 -1.852579573249044808e-05 -1.964266192600575998e-05 -1.484030875115881540e-05 -9.834389963920786154e-07 1.419098107748614866e-05 1.474270645068657674e-05 2.343320202819785896e-05 -1.634780804524792284e-04 -6.368117217514742724e-04 2.787126492333708036e-06 -1.012399976231331638e-06 3.976727011546172157e-06 6.980962685689460053e-06 1.288023811128113343e-05 1.270877097607449903e-05 6.468056285039697563e-06 5.788524349595603771e-06 1.938816224644281759e-05 3.074914698646651615e-05 2.940456367525223400e-04 3.329786459324139431e-04 3.258227317662692958e-04 3.543863520421882524e-04 3.599663588551326506e-04 3.807768721284474642e-04 6.214666784102817164e-04 1.236077186494451965e-03 8.124633757464658733e-04 3.752501573226442650e-04
-1.096946291890998253e-03 -3.777693625133017201e-05 -1.357494181939217053e-02 -5.634105645028411201e-06 1.166933038821100973e-04 -1.578672539698642004e-05 -1.767837602377321399e-05 -2.014785139940764247e-05 -2.023650789406890123e-05 -2.125196608462253468e-05 -1.632494364093529387e-05 -1.162519148049587056e-05 2.187696575007344410e-06 4.640691685995504634e-05 1.165736987296590423e-05 -1.690968354529425940e-04 -1.246747695098828195e-03 7.353254064227626330e-06 -2.778308874895281155e-06 5.418989223760039164e-07 3.518044390309567578e-06 8.837325404433747262e-06 8.871364986843484864e-06 1.208169835975506165e-05 1.047063584417479559e-05 3.238892096357048256e-06 3.386174309977382589e-05 3.129248770692324142e-04 3.542321846711541343e-04 3.496000509737558020e-04 3.774187338300279094e-04 4.002139026361659644e-04 4.261138892480802729e-04 4.437717192804053416e-04 8.124633757464658733e-04 2.672824066699963121e-03 1.100007168998077102e-03
-2.136517216670374454e-03 -2.029488260892054732e-04 -1.122408004956715506e-02 -2.431950086342068326e-05 1.570249919154408091e-04 -2.571739895572790132e-05 -2.651809525761768046e-05 -1.796577204157484708e-05 -2.250774046258548284e-05 -1.831547344573313533e-05 -8.253093560395774613e-06 -8.095417871333075965e-06 -3.143933013508930733e-06 2.677986731674821369e-07 6.188469298458030199e-05 -8.528322517821558166e-05 1.383281340329167936e-03 -2.683781866900558766e-06 1.191485305078984191e-05 -1.057059552067301756e-05 2.159347590735340075e-06 2.650455559057094906e-07 2.509186239889980588e-07 8.310953166590586384e-06 1.535831779572776335e-05 2.695996022280794759e-05 3.267706360016620244e-05 3.982696274121146443e-04 4.046604420480689850e-04 4.830347521769910181e-04 5.316169577661846671e-04 5.325988279306213173e-04 5.820636666375683492e-04 4.971766301896700857e-04 3.752501573226442650e-04 1.100007168998077102e-03 2.262642779903077314e-02
